{
 "cells": [
  {
   "cell_type": "code",
   "execution_count": 18,
   "metadata": {},
   "outputs": [],
   "source": [
    "# Libraries Used \n",
    "import pandas as pd\n",
    "import numpy as np \n",
    "import matplotlib.pyplot as plt\n",
    "import seaborn as sns\n",
    "\n",
    "import robin_stocks as r \n",
    "import pyotp\n",
    "\n",
    "from pandas_datareader import data as wb\n",
    "\n",
    "# Magic\n",
    "%matplotlib inline"
   ]
  },
  {
   "cell_type": "code",
   "execution_count": 19,
   "metadata": {},
   "outputs": [],
   "source": [
    "# Collect historical prices by Yahoo! Finance est. 2000 \n",
    "tickers = ['AAPL', 'BABA', 'TSLA', 'JNJ', 'SPHD', 'AMZN']\n",
    "start_date = '2000-01-01'\n",
    "historical_data = pd.DataFrame()\n",
    "for t in tickers:\n",
    "    historical_data[t] = wb.DataReader(t, data_source='yahoo', start=start_date)['Adj Close']"
   ]
  },
  {
   "cell_type": "code",
   "execution_count": 20,
   "metadata": {},
   "outputs": [
    {
     "name": "stdout",
     "output_type": "stream",
     "text": [
      "<class 'pandas.core.frame.DataFrame'>\n",
      "DatetimeIndex: 1489 entries, 2014-09-19 to 2020-08-18\n",
      "Data columns (total 6 columns):\n",
      "AAPL    1489 non-null float64\n",
      "BABA    1489 non-null float64\n",
      "TSLA    1489 non-null float64\n",
      "JNJ     1489 non-null float64\n",
      "SPHD    1489 non-null float64\n",
      "AMZN    1489 non-null float64\n",
      "dtypes: float64(6)\n",
      "memory usage: 81.4 KB\n"
     ]
    }
   ],
   "source": [
    "# Remove all rows that includes NaN values\n",
    "# Check if all columns match and are float variables\n",
    "historical_data = historical_data.dropna()\n",
    "historical_data.info()"
   ]
  },
  {
   "cell_type": "code",
   "execution_count": 21,
   "metadata": {},
   "outputs": [
    {
     "data": {
      "text/html": [
       "<div>\n",
       "<style scoped>\n",
       "    .dataframe tbody tr th:only-of-type {\n",
       "        vertical-align: middle;\n",
       "    }\n",
       "\n",
       "    .dataframe tbody tr th {\n",
       "        vertical-align: top;\n",
       "    }\n",
       "\n",
       "    .dataframe thead th {\n",
       "        text-align: right;\n",
       "    }\n",
       "</style>\n",
       "<table border=\"1\" class=\"dataframe\">\n",
       "  <thead>\n",
       "    <tr style=\"text-align: right;\">\n",
       "      <th></th>\n",
       "      <th>AAPL</th>\n",
       "      <th>BABA</th>\n",
       "      <th>TSLA</th>\n",
       "      <th>JNJ</th>\n",
       "      <th>SPHD</th>\n",
       "      <th>AMZN</th>\n",
       "    </tr>\n",
       "    <tr>\n",
       "      <th>Date</th>\n",
       "      <th></th>\n",
       "      <th></th>\n",
       "      <th></th>\n",
       "      <th></th>\n",
       "      <th></th>\n",
       "      <th></th>\n",
       "    </tr>\n",
       "  </thead>\n",
       "  <tbody>\n",
       "    <tr>\n",
       "      <th>2014-09-19</th>\n",
       "      <td>91.730469</td>\n",
       "      <td>93.889999</td>\n",
       "      <td>259.320007</td>\n",
       "      <td>92.295212</td>\n",
       "      <td>24.605312</td>\n",
       "      <td>331.320007</td>\n",
       "    </tr>\n",
       "    <tr>\n",
       "      <th>2014-09-22</th>\n",
       "      <td>91.821304</td>\n",
       "      <td>89.889999</td>\n",
       "      <td>250.029999</td>\n",
       "      <td>92.201202</td>\n",
       "      <td>24.534039</td>\n",
       "      <td>324.500000</td>\n",
       "    </tr>\n",
       "    <tr>\n",
       "      <th>2014-09-23</th>\n",
       "      <td>93.256874</td>\n",
       "      <td>87.169998</td>\n",
       "      <td>250.410004</td>\n",
       "      <td>91.842239</td>\n",
       "      <td>24.383572</td>\n",
       "      <td>323.630005</td>\n",
       "    </tr>\n",
       "    <tr>\n",
       "      <th>2014-09-24</th>\n",
       "      <td>92.448242</td>\n",
       "      <td>90.570000</td>\n",
       "      <td>252.139999</td>\n",
       "      <td>92.850746</td>\n",
       "      <td>24.486519</td>\n",
       "      <td>328.209991</td>\n",
       "    </tr>\n",
       "    <tr>\n",
       "      <th>2014-09-25</th>\n",
       "      <td>88.922958</td>\n",
       "      <td>88.919998</td>\n",
       "      <td>246.949997</td>\n",
       "      <td>91.534569</td>\n",
       "      <td>24.296457</td>\n",
       "      <td>321.929993</td>\n",
       "    </tr>\n",
       "  </tbody>\n",
       "</table>\n",
       "</div>"
      ],
      "text/plain": [
       "                 AAPL       BABA        TSLA        JNJ       SPHD        AMZN\n",
       "Date                                                                          \n",
       "2014-09-19  91.730469  93.889999  259.320007  92.295212  24.605312  331.320007\n",
       "2014-09-22  91.821304  89.889999  250.029999  92.201202  24.534039  324.500000\n",
       "2014-09-23  93.256874  87.169998  250.410004  91.842239  24.383572  323.630005\n",
       "2014-09-24  92.448242  90.570000  252.139999  92.850746  24.486519  328.209991\n",
       "2014-09-25  88.922958  88.919998  246.949997  91.534569  24.296457  321.929993"
      ]
     },
     "execution_count": 21,
     "metadata": {},
     "output_type": "execute_result"
    }
   ],
   "source": [
    "historical_data.head()"
   ]
  },
  {
   "cell_type": "code",
   "execution_count": 22,
   "metadata": {},
   "outputs": [
    {
     "data": {
      "text/html": [
       "<div>\n",
       "<style scoped>\n",
       "    .dataframe tbody tr th:only-of-type {\n",
       "        vertical-align: middle;\n",
       "    }\n",
       "\n",
       "    .dataframe tbody tr th {\n",
       "        vertical-align: top;\n",
       "    }\n",
       "\n",
       "    .dataframe thead th {\n",
       "        text-align: right;\n",
       "    }\n",
       "</style>\n",
       "<table border=\"1\" class=\"dataframe\">\n",
       "  <thead>\n",
       "    <tr style=\"text-align: right;\">\n",
       "      <th></th>\n",
       "      <th>AAPL</th>\n",
       "      <th>BABA</th>\n",
       "      <th>TSLA</th>\n",
       "      <th>JNJ</th>\n",
       "      <th>SPHD</th>\n",
       "      <th>AMZN</th>\n",
       "    </tr>\n",
       "    <tr>\n",
       "      <th>Date</th>\n",
       "      <th></th>\n",
       "      <th></th>\n",
       "      <th></th>\n",
       "      <th></th>\n",
       "      <th></th>\n",
       "      <th></th>\n",
       "    </tr>\n",
       "  </thead>\n",
       "  <tbody>\n",
       "    <tr>\n",
       "      <th>2020-08-12</th>\n",
       "      <td>452.040009</td>\n",
       "      <td>255.190002</td>\n",
       "      <td>1554.760010</td>\n",
       "      <td>149.660004</td>\n",
       "      <td>35.040001</td>\n",
       "      <td>3162.239990</td>\n",
       "    </tr>\n",
       "    <tr>\n",
       "      <th>2020-08-13</th>\n",
       "      <td>460.040009</td>\n",
       "      <td>253.720001</td>\n",
       "      <td>1621.000000</td>\n",
       "      <td>148.000000</td>\n",
       "      <td>34.639999</td>\n",
       "      <td>3161.020020</td>\n",
       "    </tr>\n",
       "    <tr>\n",
       "      <th>2020-08-14</th>\n",
       "      <td>459.630005</td>\n",
       "      <td>253.970001</td>\n",
       "      <td>1650.709961</td>\n",
       "      <td>148.240005</td>\n",
       "      <td>34.759998</td>\n",
       "      <td>3148.020020</td>\n",
       "    </tr>\n",
       "    <tr>\n",
       "      <th>2020-08-17</th>\n",
       "      <td>458.429993</td>\n",
       "      <td>256.959991</td>\n",
       "      <td>1835.640015</td>\n",
       "      <td>148.990005</td>\n",
       "      <td>34.610001</td>\n",
       "      <td>3182.409912</td>\n",
       "    </tr>\n",
       "    <tr>\n",
       "      <th>2020-08-18</th>\n",
       "      <td>460.410004</td>\n",
       "      <td>258.644989</td>\n",
       "      <td>1897.555054</td>\n",
       "      <td>148.869995</td>\n",
       "      <td>34.430000</td>\n",
       "      <td>3280.699951</td>\n",
       "    </tr>\n",
       "  </tbody>\n",
       "</table>\n",
       "</div>"
      ],
      "text/plain": [
       "                  AAPL        BABA         TSLA         JNJ       SPHD  \\\n",
       "Date                                                                     \n",
       "2020-08-12  452.040009  255.190002  1554.760010  149.660004  35.040001   \n",
       "2020-08-13  460.040009  253.720001  1621.000000  148.000000  34.639999   \n",
       "2020-08-14  459.630005  253.970001  1650.709961  148.240005  34.759998   \n",
       "2020-08-17  458.429993  256.959991  1835.640015  148.990005  34.610001   \n",
       "2020-08-18  460.410004  258.644989  1897.555054  148.869995  34.430000   \n",
       "\n",
       "                   AMZN  \n",
       "Date                     \n",
       "2020-08-12  3162.239990  \n",
       "2020-08-13  3161.020020  \n",
       "2020-08-14  3148.020020  \n",
       "2020-08-17  3182.409912  \n",
       "2020-08-18  3280.699951  "
      ]
     },
     "execution_count": 22,
     "metadata": {},
     "output_type": "execute_result"
    }
   ],
   "source": [
    "historical_data.tail()"
   ]
  },
  {
   "cell_type": "code",
   "execution_count": 23,
   "metadata": {},
   "outputs": [
    {
     "name": "stdout",
     "output_type": "stream",
     "text": [
      "<class 'pandas.core.frame.DataFrame'>\n",
      "DatetimeIndex: 1489 entries, 2014-09-19 to 2020-08-18\n",
      "Data columns (total 6 columns):\n",
      "AAPL    1488 non-null float64\n",
      "BABA    1488 non-null float64\n",
      "TSLA    1488 non-null float64\n",
      "JNJ     1488 non-null float64\n",
      "SPHD    1488 non-null float64\n",
      "AMZN    1488 non-null float64\n",
      "dtypes: float64(6)\n",
      "memory usage: 81.4 KB\n"
     ]
    }
   ],
   "source": [
    "# Calculate log returns of each companies \n",
    "# Check if all columns match and are float variables\n",
    "returns = np.log(historical_data/historical_data.shift(1))\n",
    "returns.info()"
   ]
  },
  {
   "cell_type": "code",
   "execution_count": 24,
   "metadata": {},
   "outputs": [
    {
     "data": {
      "text/html": [
       "<div>\n",
       "<style scoped>\n",
       "    .dataframe tbody tr th:only-of-type {\n",
       "        vertical-align: middle;\n",
       "    }\n",
       "\n",
       "    .dataframe tbody tr th {\n",
       "        vertical-align: top;\n",
       "    }\n",
       "\n",
       "    .dataframe thead th {\n",
       "        text-align: right;\n",
       "    }\n",
       "</style>\n",
       "<table border=\"1\" class=\"dataframe\">\n",
       "  <thead>\n",
       "    <tr style=\"text-align: right;\">\n",
       "      <th></th>\n",
       "      <th>AAPL</th>\n",
       "      <th>BABA</th>\n",
       "      <th>TSLA</th>\n",
       "      <th>JNJ</th>\n",
       "      <th>SPHD</th>\n",
       "      <th>AMZN</th>\n",
       "    </tr>\n",
       "    <tr>\n",
       "      <th>Date</th>\n",
       "      <th></th>\n",
       "      <th></th>\n",
       "      <th></th>\n",
       "      <th></th>\n",
       "      <th></th>\n",
       "      <th></th>\n",
       "    </tr>\n",
       "  </thead>\n",
       "  <tbody>\n",
       "    <tr>\n",
       "      <th>2014-09-19</th>\n",
       "      <td>NaN</td>\n",
       "      <td>NaN</td>\n",
       "      <td>NaN</td>\n",
       "      <td>NaN</td>\n",
       "      <td>NaN</td>\n",
       "      <td>NaN</td>\n",
       "    </tr>\n",
       "    <tr>\n",
       "      <th>2014-09-22</th>\n",
       "      <td>0.000990</td>\n",
       "      <td>-0.043537</td>\n",
       "      <td>-0.036482</td>\n",
       "      <td>-0.001019</td>\n",
       "      <td>-0.002901</td>\n",
       "      <td>-0.020799</td>\n",
       "    </tr>\n",
       "    <tr>\n",
       "      <th>2014-09-23</th>\n",
       "      <td>0.015513</td>\n",
       "      <td>-0.030726</td>\n",
       "      <td>0.001519</td>\n",
       "      <td>-0.003901</td>\n",
       "      <td>-0.006152</td>\n",
       "      <td>-0.002685</td>\n",
       "    </tr>\n",
       "    <tr>\n",
       "      <th>2014-09-24</th>\n",
       "      <td>-0.008709</td>\n",
       "      <td>0.038263</td>\n",
       "      <td>0.006885</td>\n",
       "      <td>0.010921</td>\n",
       "      <td>0.004213</td>\n",
       "      <td>0.014053</td>\n",
       "    </tr>\n",
       "    <tr>\n",
       "      <th>2014-09-25</th>\n",
       "      <td>-0.038879</td>\n",
       "      <td>-0.018386</td>\n",
       "      <td>-0.020799</td>\n",
       "      <td>-0.014277</td>\n",
       "      <td>-0.007792</td>\n",
       "      <td>-0.019320</td>\n",
       "    </tr>\n",
       "  </tbody>\n",
       "</table>\n",
       "</div>"
      ],
      "text/plain": [
       "                AAPL      BABA      TSLA       JNJ      SPHD      AMZN\n",
       "Date                                                                  \n",
       "2014-09-19       NaN       NaN       NaN       NaN       NaN       NaN\n",
       "2014-09-22  0.000990 -0.043537 -0.036482 -0.001019 -0.002901 -0.020799\n",
       "2014-09-23  0.015513 -0.030726  0.001519 -0.003901 -0.006152 -0.002685\n",
       "2014-09-24 -0.008709  0.038263  0.006885  0.010921  0.004213  0.014053\n",
       "2014-09-25 -0.038879 -0.018386 -0.020799 -0.014277 -0.007792 -0.019320"
      ]
     },
     "execution_count": 24,
     "metadata": {},
     "output_type": "execute_result"
    }
   ],
   "source": [
    "returns.head()"
   ]
  },
  {
   "cell_type": "code",
   "execution_count": 25,
   "metadata": {},
   "outputs": [
    {
     "data": {
      "text/html": [
       "<div>\n",
       "<style scoped>\n",
       "    .dataframe tbody tr th:only-of-type {\n",
       "        vertical-align: middle;\n",
       "    }\n",
       "\n",
       "    .dataframe tbody tr th {\n",
       "        vertical-align: top;\n",
       "    }\n",
       "\n",
       "    .dataframe thead th {\n",
       "        text-align: right;\n",
       "    }\n",
       "</style>\n",
       "<table border=\"1\" class=\"dataframe\">\n",
       "  <thead>\n",
       "    <tr style=\"text-align: right;\">\n",
       "      <th></th>\n",
       "      <th>AAPL</th>\n",
       "      <th>BABA</th>\n",
       "      <th>TSLA</th>\n",
       "      <th>JNJ</th>\n",
       "      <th>SPHD</th>\n",
       "      <th>AMZN</th>\n",
       "    </tr>\n",
       "    <tr>\n",
       "      <th>Date</th>\n",
       "      <th></th>\n",
       "      <th></th>\n",
       "      <th></th>\n",
       "      <th></th>\n",
       "      <th></th>\n",
       "      <th></th>\n",
       "    </tr>\n",
       "  </thead>\n",
       "  <tbody>\n",
       "    <tr>\n",
       "      <th>2020-08-12</th>\n",
       "      <td>0.032694</td>\n",
       "      <td>0.026888</td>\n",
       "      <td>0.123311</td>\n",
       "      <td>0.018138</td>\n",
       "      <td>0.001714</td>\n",
       "      <td>0.026134</td>\n",
       "    </tr>\n",
       "    <tr>\n",
       "      <th>2020-08-13</th>\n",
       "      <td>0.017543</td>\n",
       "      <td>-0.005777</td>\n",
       "      <td>0.041722</td>\n",
       "      <td>-0.011154</td>\n",
       "      <td>-0.011481</td>\n",
       "      <td>-0.000386</td>\n",
       "    </tr>\n",
       "    <tr>\n",
       "      <th>2020-08-14</th>\n",
       "      <td>-0.000892</td>\n",
       "      <td>0.000985</td>\n",
       "      <td>0.018162</td>\n",
       "      <td>0.001620</td>\n",
       "      <td>0.003458</td>\n",
       "      <td>-0.004121</td>\n",
       "    </tr>\n",
       "    <tr>\n",
       "      <th>2020-08-17</th>\n",
       "      <td>-0.002614</td>\n",
       "      <td>0.011704</td>\n",
       "      <td>0.106188</td>\n",
       "      <td>0.005047</td>\n",
       "      <td>-0.004325</td>\n",
       "      <td>0.010865</td>\n",
       "    </tr>\n",
       "    <tr>\n",
       "      <th>2020-08-18</th>\n",
       "      <td>0.004310</td>\n",
       "      <td>0.006536</td>\n",
       "      <td>0.033173</td>\n",
       "      <td>-0.000806</td>\n",
       "      <td>-0.005214</td>\n",
       "      <td>0.030418</td>\n",
       "    </tr>\n",
       "  </tbody>\n",
       "</table>\n",
       "</div>"
      ],
      "text/plain": [
       "                AAPL      BABA      TSLA       JNJ      SPHD      AMZN\n",
       "Date                                                                  \n",
       "2020-08-12  0.032694  0.026888  0.123311  0.018138  0.001714  0.026134\n",
       "2020-08-13  0.017543 -0.005777  0.041722 -0.011154 -0.011481 -0.000386\n",
       "2020-08-14 -0.000892  0.000985  0.018162  0.001620  0.003458 -0.004121\n",
       "2020-08-17 -0.002614  0.011704  0.106188  0.005047 -0.004325  0.010865\n",
       "2020-08-18  0.004310  0.006536  0.033173 -0.000806 -0.005214  0.030418"
      ]
     },
     "execution_count": 25,
     "metadata": {},
     "output_type": "execute_result"
    }
   ],
   "source": [
    "returns.tail()"
   ]
  },
  {
   "cell_type": "code",
   "execution_count": 26,
   "metadata": {},
   "outputs": [
    {
     "data": {
      "text/plain": [
       "array([28.44, 32.58, 52.43, 19.32, 18.99, 30.24])"
      ]
     },
     "execution_count": 26,
     "metadata": {},
     "output_type": "execute_result"
    }
   ],
   "source": [
    "# Create a table for Daily and Annual Risk Returns \n",
    "# Daily mean formula: daily_mean = returns.mean()\n",
    "# Daily stdv formula: daily_mean = returns.std()\n",
    "# Annual mean formula: annual_mean = returns.mean()*250\n",
    "# Annual stdv formula: annual_mean = returns.std()*250 ** .5\n",
    "\n",
    "daily_mean = []\n",
    "daily_stdv = []\n",
    "\n",
    "annual_mean = []\n",
    "annual_stdv = []\n",
    "\n",
    "for t in tickers:\n",
    "    daily_mean.append(round(returns[t].mean()*100, 2))\n",
    "    daily_stdv.append(round(returns[t].std()*100, 2))\n",
    "    \n",
    "    annual_mean.append(round((returns[t].mean()*250)*100, 2))\n",
    "    annual_stdv.append(round((returns[t].std()*250**.5)*100, 2))\n",
    "\n",
    "daily_mean = np.array(daily_mean)\n",
    "daily_stdv = np.array(daily_stdv)\n",
    "annual_mean = np.array(annual_mean)\n",
    "annual_stdv = np.array(annual_stdv)\n",
    "annual_stdv"
   ]
  },
  {
   "cell_type": "code",
   "execution_count": 27,
   "metadata": {},
   "outputs": [
    {
     "data": {
      "text/html": [
       "<div>\n",
       "<style scoped>\n",
       "    .dataframe tbody tr th:only-of-type {\n",
       "        vertical-align: middle;\n",
       "    }\n",
       "\n",
       "    .dataframe tbody tr th {\n",
       "        vertical-align: top;\n",
       "    }\n",
       "\n",
       "    .dataframe thead th {\n",
       "        text-align: right;\n",
       "    }\n",
       "</style>\n",
       "<table border=\"1\" class=\"dataframe\">\n",
       "  <thead>\n",
       "    <tr style=\"text-align: right;\">\n",
       "      <th></th>\n",
       "      <th>Symbol</th>\n",
       "      <th>Daily Average Return (%)</th>\n",
       "      <th>Daily Risk (%)</th>\n",
       "      <th>Annual Average Return (%)</th>\n",
       "      <th>Annual Risk (%)</th>\n",
       "    </tr>\n",
       "  </thead>\n",
       "  <tbody>\n",
       "    <tr>\n",
       "      <th>0</th>\n",
       "      <td>AAPL</td>\n",
       "      <td>0.11</td>\n",
       "      <td>1.80</td>\n",
       "      <td>27.10</td>\n",
       "      <td>28.44</td>\n",
       "    </tr>\n",
       "    <tr>\n",
       "      <th>1</th>\n",
       "      <td>BABA</td>\n",
       "      <td>0.07</td>\n",
       "      <td>2.06</td>\n",
       "      <td>17.03</td>\n",
       "      <td>32.58</td>\n",
       "    </tr>\n",
       "    <tr>\n",
       "      <th>2</th>\n",
       "      <td>TSLA</td>\n",
       "      <td>0.13</td>\n",
       "      <td>3.32</td>\n",
       "      <td>33.44</td>\n",
       "      <td>52.43</td>\n",
       "    </tr>\n",
       "    <tr>\n",
       "      <th>3</th>\n",
       "      <td>JNJ</td>\n",
       "      <td>0.03</td>\n",
       "      <td>1.22</td>\n",
       "      <td>8.03</td>\n",
       "      <td>19.32</td>\n",
       "    </tr>\n",
       "    <tr>\n",
       "      <th>4</th>\n",
       "      <td>SPHD</td>\n",
       "      <td>0.02</td>\n",
       "      <td>1.20</td>\n",
       "      <td>5.64</td>\n",
       "      <td>18.99</td>\n",
       "    </tr>\n",
       "    <tr>\n",
       "      <th>5</th>\n",
       "      <td>AMZN</td>\n",
       "      <td>0.15</td>\n",
       "      <td>1.91</td>\n",
       "      <td>38.52</td>\n",
       "      <td>30.24</td>\n",
       "    </tr>\n",
       "  </tbody>\n",
       "</table>\n",
       "</div>"
      ],
      "text/plain": [
       "  Symbol  Daily Average Return (%)  Daily Risk (%)  Annual Average Return (%)  \\\n",
       "0   AAPL                      0.11            1.80                      27.10   \n",
       "1   BABA                      0.07            2.06                      17.03   \n",
       "2   TSLA                      0.13            3.32                      33.44   \n",
       "3    JNJ                      0.03            1.22                       8.03   \n",
       "4   SPHD                      0.02            1.20                       5.64   \n",
       "5   AMZN                      0.15            1.91                      38.52   \n",
       "\n",
       "   Annual Risk (%)  \n",
       "0            28.44  \n",
       "1            32.58  \n",
       "2            52.43  \n",
       "3            19.32  \n",
       "4            18.99  \n",
       "5            30.24  "
      ]
     },
     "execution_count": 27,
     "metadata": {},
     "output_type": "execute_result"
    }
   ],
   "source": [
    "# Create DataFrame for returns and risk \n",
    "returns_data = pd.DataFrame({'Symbol':tickers, \n",
    "                             'Daily Average Return (%)':daily_mean,\n",
    "                             'Daily Risk (%)':daily_stdv,\n",
    "                             'Annual Average Return (%)':annual_mean,\n",
    "                             'Annual Risk (%)':annual_stdv\n",
    "                            })\n",
    "returns_data"
   ]
  },
  {
   "cell_type": "code",
   "execution_count": 28,
   "metadata": {},
   "outputs": [
    {
     "data": {
      "text/plain": [
       "AAPL   2020-03-16\n",
       "BABA   2015-01-29\n",
       "TSLA   2020-03-16\n",
       "JNJ    2018-12-14\n",
       "SPHD   2020-03-16\n",
       "AMZN   2014-10-24\n",
       "dtype: datetime64[ns]"
      ]
     },
     "execution_count": 28,
     "metadata": {},
     "output_type": "execute_result"
    }
   ],
   "source": [
    "# Returns the lowest return in history between 09-30-2014 to now\n",
    "returns.idxmin() "
   ]
  },
  {
   "cell_type": "code",
   "execution_count": 29,
   "metadata": {},
   "outputs": [
    {
     "data": {
      "text/plain": [
       "AAPL   2020-03-13\n",
       "BABA   2017-06-08\n",
       "TSLA   2020-02-03\n",
       "JNJ    2020-03-30\n",
       "SPHD   2020-03-24\n",
       "AMZN   2015-04-24\n",
       "dtype: datetime64[ns]"
      ]
     },
     "execution_count": 29,
     "metadata": {},
     "output_type": "execute_result"
    }
   ],
   "source": [
    "# Returns the highest return in history between 09-30-2014 to now\n",
    "returns.idxmax()"
   ]
  },
  {
   "cell_type": "code",
   "execution_count": 30,
   "metadata": {},
   "outputs": [
    {
     "data": {
      "text/html": [
       "<div>\n",
       "<style scoped>\n",
       "    .dataframe tbody tr th:only-of-type {\n",
       "        vertical-align: middle;\n",
       "    }\n",
       "\n",
       "    .dataframe tbody tr th {\n",
       "        vertical-align: top;\n",
       "    }\n",
       "\n",
       "    .dataframe thead th {\n",
       "        text-align: right;\n",
       "    }\n",
       "</style>\n",
       "<table border=\"1\" class=\"dataframe\">\n",
       "  <thead>\n",
       "    <tr style=\"text-align: right;\">\n",
       "      <th></th>\n",
       "      <th>AAPL</th>\n",
       "      <th>BABA</th>\n",
       "      <th>TSLA</th>\n",
       "      <th>JNJ</th>\n",
       "      <th>SPHD</th>\n",
       "      <th>AMZN</th>\n",
       "    </tr>\n",
       "  </thead>\n",
       "  <tbody>\n",
       "    <tr>\n",
       "      <th>AAPL</th>\n",
       "      <td>0.000324</td>\n",
       "      <td>0.000173</td>\n",
       "      <td>0.000222</td>\n",
       "      <td>0.000096</td>\n",
       "      <td>0.000121</td>\n",
       "      <td>0.000184</td>\n",
       "    </tr>\n",
       "    <tr>\n",
       "      <th>BABA</th>\n",
       "      <td>0.000173</td>\n",
       "      <td>0.000425</td>\n",
       "      <td>0.000223</td>\n",
       "      <td>0.000069</td>\n",
       "      <td>0.000087</td>\n",
       "      <td>0.000189</td>\n",
       "    </tr>\n",
       "    <tr>\n",
       "      <th>TSLA</th>\n",
       "      <td>0.000222</td>\n",
       "      <td>0.000223</td>\n",
       "      <td>0.001099</td>\n",
       "      <td>0.000077</td>\n",
       "      <td>0.000137</td>\n",
       "      <td>0.000230</td>\n",
       "    </tr>\n",
       "    <tr>\n",
       "      <th>JNJ</th>\n",
       "      <td>0.000096</td>\n",
       "      <td>0.000069</td>\n",
       "      <td>0.000077</td>\n",
       "      <td>0.000149</td>\n",
       "      <td>0.000086</td>\n",
       "      <td>0.000077</td>\n",
       "    </tr>\n",
       "    <tr>\n",
       "      <th>SPHD</th>\n",
       "      <td>0.000121</td>\n",
       "      <td>0.000087</td>\n",
       "      <td>0.000137</td>\n",
       "      <td>0.000086</td>\n",
       "      <td>0.000144</td>\n",
       "      <td>0.000079</td>\n",
       "    </tr>\n",
       "    <tr>\n",
       "      <th>AMZN</th>\n",
       "      <td>0.000184</td>\n",
       "      <td>0.000189</td>\n",
       "      <td>0.000230</td>\n",
       "      <td>0.000077</td>\n",
       "      <td>0.000079</td>\n",
       "      <td>0.000366</td>\n",
       "    </tr>\n",
       "  </tbody>\n",
       "</table>\n",
       "</div>"
      ],
      "text/plain": [
       "          AAPL      BABA      TSLA       JNJ      SPHD      AMZN\n",
       "AAPL  0.000324  0.000173  0.000222  0.000096  0.000121  0.000184\n",
       "BABA  0.000173  0.000425  0.000223  0.000069  0.000087  0.000189\n",
       "TSLA  0.000222  0.000223  0.001099  0.000077  0.000137  0.000230\n",
       "JNJ   0.000096  0.000069  0.000077  0.000149  0.000086  0.000077\n",
       "SPHD  0.000121  0.000087  0.000137  0.000086  0.000144  0.000079\n",
       "AMZN  0.000184  0.000189  0.000230  0.000077  0.000079  0.000366"
      ]
     },
     "execution_count": 30,
     "metadata": {},
     "output_type": "execute_result"
    }
   ],
   "source": [
    "# Covariance daily\n",
    "# Determines if there is a relationship between two stocks, whether they move together:\n",
    "# positively, negatively, or neutral \n",
    "return_cov = returns.cov()\n",
    "return_cov"
   ]
  },
  {
   "cell_type": "code",
   "execution_count": 31,
   "metadata": {},
   "outputs": [
    {
     "data": {
      "text/html": [
       "<div>\n",
       "<style scoped>\n",
       "    .dataframe tbody tr th:only-of-type {\n",
       "        vertical-align: middle;\n",
       "    }\n",
       "\n",
       "    .dataframe tbody tr th {\n",
       "        vertical-align: top;\n",
       "    }\n",
       "\n",
       "    .dataframe thead th {\n",
       "        text-align: right;\n",
       "    }\n",
       "</style>\n",
       "<table border=\"1\" class=\"dataframe\">\n",
       "  <thead>\n",
       "    <tr style=\"text-align: right;\">\n",
       "      <th></th>\n",
       "      <th>AAPL</th>\n",
       "      <th>BABA</th>\n",
       "      <th>TSLA</th>\n",
       "      <th>JNJ</th>\n",
       "      <th>SPHD</th>\n",
       "      <th>AMZN</th>\n",
       "    </tr>\n",
       "  </thead>\n",
       "  <tbody>\n",
       "    <tr>\n",
       "      <th>AAPL</th>\n",
       "      <td>0.080905</td>\n",
       "      <td>0.043217</td>\n",
       "      <td>0.055492</td>\n",
       "      <td>0.023989</td>\n",
       "      <td>0.030205</td>\n",
       "      <td>0.045952</td>\n",
       "    </tr>\n",
       "    <tr>\n",
       "      <th>BABA</th>\n",
       "      <td>0.043217</td>\n",
       "      <td>0.106129</td>\n",
       "      <td>0.055761</td>\n",
       "      <td>0.017193</td>\n",
       "      <td>0.021634</td>\n",
       "      <td>0.047288</td>\n",
       "    </tr>\n",
       "    <tr>\n",
       "      <th>TSLA</th>\n",
       "      <td>0.055492</td>\n",
       "      <td>0.055761</td>\n",
       "      <td>0.274874</td>\n",
       "      <td>0.019142</td>\n",
       "      <td>0.034148</td>\n",
       "      <td>0.057531</td>\n",
       "    </tr>\n",
       "    <tr>\n",
       "      <th>JNJ</th>\n",
       "      <td>0.023989</td>\n",
       "      <td>0.017193</td>\n",
       "      <td>0.019142</td>\n",
       "      <td>0.037332</td>\n",
       "      <td>0.021573</td>\n",
       "      <td>0.019211</td>\n",
       "    </tr>\n",
       "    <tr>\n",
       "      <th>SPHD</th>\n",
       "      <td>0.030205</td>\n",
       "      <td>0.021634</td>\n",
       "      <td>0.034148</td>\n",
       "      <td>0.021573</td>\n",
       "      <td>0.036044</td>\n",
       "      <td>0.019834</td>\n",
       "    </tr>\n",
       "    <tr>\n",
       "      <th>AMZN</th>\n",
       "      <td>0.045952</td>\n",
       "      <td>0.047288</td>\n",
       "      <td>0.057531</td>\n",
       "      <td>0.019211</td>\n",
       "      <td>0.019834</td>\n",
       "      <td>0.091424</td>\n",
       "    </tr>\n",
       "  </tbody>\n",
       "</table>\n",
       "</div>"
      ],
      "text/plain": [
       "          AAPL      BABA      TSLA       JNJ      SPHD      AMZN\n",
       "AAPL  0.080905  0.043217  0.055492  0.023989  0.030205  0.045952\n",
       "BABA  0.043217  0.106129  0.055761  0.017193  0.021634  0.047288\n",
       "TSLA  0.055492  0.055761  0.274874  0.019142  0.034148  0.057531\n",
       "JNJ   0.023989  0.017193  0.019142  0.037332  0.021573  0.019211\n",
       "SPHD  0.030205  0.021634  0.034148  0.021573  0.036044  0.019834\n",
       "AMZN  0.045952  0.047288  0.057531  0.019211  0.019834  0.091424"
      ]
     },
     "execution_count": 31,
     "metadata": {},
     "output_type": "execute_result"
    }
   ],
   "source": [
    "# Covariance yearly\n",
    "# Determines if there is a relationship between two stocks, whether they move together:\n",
    "# positively, negatively, or neutral \n",
    "return_cov = returns.cov()*250\n",
    "return_cov"
   ]
  },
  {
   "cell_type": "code",
   "execution_count": 32,
   "metadata": {},
   "outputs": [
    {
     "data": {
      "text/html": [
       "<div>\n",
       "<style scoped>\n",
       "    .dataframe tbody tr th:only-of-type {\n",
       "        vertical-align: middle;\n",
       "    }\n",
       "\n",
       "    .dataframe tbody tr th {\n",
       "        vertical-align: top;\n",
       "    }\n",
       "\n",
       "    .dataframe thead th {\n",
       "        text-align: right;\n",
       "    }\n",
       "</style>\n",
       "<table border=\"1\" class=\"dataframe\">\n",
       "  <thead>\n",
       "    <tr style=\"text-align: right;\">\n",
       "      <th></th>\n",
       "      <th>AAPL</th>\n",
       "      <th>BABA</th>\n",
       "      <th>TSLA</th>\n",
       "      <th>JNJ</th>\n",
       "      <th>SPHD</th>\n",
       "      <th>AMZN</th>\n",
       "    </tr>\n",
       "  </thead>\n",
       "  <tbody>\n",
       "    <tr>\n",
       "      <th>AAPL</th>\n",
       "      <td>1.000000</td>\n",
       "      <td>0.466393</td>\n",
       "      <td>0.372115</td>\n",
       "      <td>0.436509</td>\n",
       "      <td>0.559347</td>\n",
       "      <td>0.534301</td>\n",
       "    </tr>\n",
       "    <tr>\n",
       "      <th>BABA</th>\n",
       "      <td>0.466393</td>\n",
       "      <td>1.000000</td>\n",
       "      <td>0.326472</td>\n",
       "      <td>0.273139</td>\n",
       "      <td>0.349789</td>\n",
       "      <td>0.480072</td>\n",
       "    </tr>\n",
       "    <tr>\n",
       "      <th>TSLA</th>\n",
       "      <td>0.372115</td>\n",
       "      <td>0.326472</td>\n",
       "      <td>1.000000</td>\n",
       "      <td>0.188963</td>\n",
       "      <td>0.343065</td>\n",
       "      <td>0.362913</td>\n",
       "    </tr>\n",
       "    <tr>\n",
       "      <th>JNJ</th>\n",
       "      <td>0.436509</td>\n",
       "      <td>0.273139</td>\n",
       "      <td>0.188963</td>\n",
       "      <td>1.000000</td>\n",
       "      <td>0.588092</td>\n",
       "      <td>0.328840</td>\n",
       "    </tr>\n",
       "    <tr>\n",
       "      <th>SPHD</th>\n",
       "      <td>0.559347</td>\n",
       "      <td>0.349789</td>\n",
       "      <td>0.343065</td>\n",
       "      <td>0.588092</td>\n",
       "      <td>1.000000</td>\n",
       "      <td>0.345517</td>\n",
       "    </tr>\n",
       "    <tr>\n",
       "      <th>AMZN</th>\n",
       "      <td>0.534301</td>\n",
       "      <td>0.480072</td>\n",
       "      <td>0.362913</td>\n",
       "      <td>0.328840</td>\n",
       "      <td>0.345517</td>\n",
       "      <td>1.000000</td>\n",
       "    </tr>\n",
       "  </tbody>\n",
       "</table>\n",
       "</div>"
      ],
      "text/plain": [
       "          AAPL      BABA      TSLA       JNJ      SPHD      AMZN\n",
       "AAPL  1.000000  0.466393  0.372115  0.436509  0.559347  0.534301\n",
       "BABA  0.466393  1.000000  0.326472  0.273139  0.349789  0.480072\n",
       "TSLA  0.372115  0.326472  1.000000  0.188963  0.343065  0.362913\n",
       "JNJ   0.436509  0.273139  0.188963  1.000000  0.588092  0.328840\n",
       "SPHD  0.559347  0.349789  0.343065  0.588092  1.000000  0.345517\n",
       "AMZN  0.534301  0.480072  0.362913  0.328840  0.345517  1.000000"
      ]
     },
     "execution_count": 32,
     "metadata": {},
     "output_type": "execute_result"
    }
   ],
   "source": [
    "# Correlations\n",
    "# Determines how close the relationship are between two stocks\n",
    "return_corr = returns.corr()\n",
    "return_corr"
   ]
  },
  {
   "cell_type": "code",
   "execution_count": 33,
   "metadata": {},
   "outputs": [],
   "source": [
    "no_assets = len(tickers)"
   ]
  },
  {
   "cell_type": "code",
   "execution_count": 34,
   "metadata": {},
   "outputs": [
    {
     "name": "stdout",
     "output_type": "stream",
     "text": [
      "1.0\n"
     ]
    }
   ],
   "source": [
    "pflio_ret = []\n",
    "pflio_vol = [] \n",
    "pflio_wei = []\n",
    "\n",
    "for x in range(50000):\n",
    "    weights = np.random.random(no_assets)\n",
    "    weights /= np.sum(weights)\n",
    "    \n",
    "    pflio_wei.append(weights)\n",
    "    pflio_ret.append(np.sum(weights*returns.mean())*250)\n",
    "    pflio_vol.append(np.sqrt(np.dot(weights.T, np.dot(returns.cov()*250, weights))))\n",
    "    #print(x, weights)\n",
    "\n",
    "pflio_wei = np.array(pflio_wei)\n",
    "pflio_ret = np.array(pflio_ret)\n",
    "pflio_vol = np.array(pflio_vol)\n",
    "\n",
    "print(np.sum(weights))\n",
    "#pflio_returns, pflio_volatilities"
   ]
  },
  {
   "cell_type": "code",
   "execution_count": 35,
   "metadata": {},
   "outputs": [],
   "source": [
    "pflio_scenarios = pd.DataFrame({'Return': pflio_ret, 'Volatility': pflio_vol})\n",
    "#pflio_scenarios = pflio_scenarios.sort_values('Return', ascending=True)\n",
    "pflio_scenarios.to_csv(\"ret_vol_index.csv\")"
   ]
  },
  {
   "cell_type": "code",
   "execution_count": 36,
   "metadata": {},
   "outputs": [
    {
     "data": {
      "text/html": [
       "<div>\n",
       "<style scoped>\n",
       "    .dataframe tbody tr th:only-of-type {\n",
       "        vertical-align: middle;\n",
       "    }\n",
       "\n",
       "    .dataframe tbody tr th {\n",
       "        vertical-align: top;\n",
       "    }\n",
       "\n",
       "    .dataframe thead th {\n",
       "        text-align: right;\n",
       "    }\n",
       "</style>\n",
       "<table border=\"1\" class=\"dataframe\">\n",
       "  <thead>\n",
       "    <tr style=\"text-align: right;\">\n",
       "      <th></th>\n",
       "      <th>Return</th>\n",
       "      <th>Volatility</th>\n",
       "    </tr>\n",
       "  </thead>\n",
       "  <tbody>\n",
       "    <tr>\n",
       "      <th>0</th>\n",
       "      <td>0.245446</td>\n",
       "      <td>0.246152</td>\n",
       "    </tr>\n",
       "    <tr>\n",
       "      <th>1</th>\n",
       "      <td>0.211978</td>\n",
       "      <td>0.210237</td>\n",
       "    </tr>\n",
       "    <tr>\n",
       "      <th>2</th>\n",
       "      <td>0.225811</td>\n",
       "      <td>0.242373</td>\n",
       "    </tr>\n",
       "    <tr>\n",
       "      <th>3</th>\n",
       "      <td>0.201383</td>\n",
       "      <td>0.196320</td>\n",
       "    </tr>\n",
       "    <tr>\n",
       "      <th>4</th>\n",
       "      <td>0.188291</td>\n",
       "      <td>0.199473</td>\n",
       "    </tr>\n",
       "  </tbody>\n",
       "</table>\n",
       "</div>"
      ],
      "text/plain": [
       "     Return  Volatility\n",
       "0  0.245446    0.246152\n",
       "1  0.211978    0.210237\n",
       "2  0.225811    0.242373\n",
       "3  0.201383    0.196320\n",
       "4  0.188291    0.199473"
      ]
     },
     "execution_count": 36,
     "metadata": {},
     "output_type": "execute_result"
    }
   ],
   "source": [
    "pflio_scenarios.head()\n",
    "#pflio_scenarios['Return']"
   ]
  },
  {
   "cell_type": "code",
   "execution_count": 37,
   "metadata": {},
   "outputs": [
    {
     "data": {
      "text/html": [
       "<div>\n",
       "<style scoped>\n",
       "    .dataframe tbody tr th:only-of-type {\n",
       "        vertical-align: middle;\n",
       "    }\n",
       "\n",
       "    .dataframe tbody tr th {\n",
       "        vertical-align: top;\n",
       "    }\n",
       "\n",
       "    .dataframe thead th {\n",
       "        text-align: right;\n",
       "    }\n",
       "</style>\n",
       "<table border=\"1\" class=\"dataframe\">\n",
       "  <thead>\n",
       "    <tr style=\"text-align: right;\">\n",
       "      <th></th>\n",
       "      <th>Return</th>\n",
       "      <th>Volatility</th>\n",
       "    </tr>\n",
       "  </thead>\n",
       "  <tbody>\n",
       "    <tr>\n",
       "      <th>49995</th>\n",
       "      <td>0.184474</td>\n",
       "      <td>0.203439</td>\n",
       "    </tr>\n",
       "    <tr>\n",
       "      <th>49996</th>\n",
       "      <td>0.238880</td>\n",
       "      <td>0.219385</td>\n",
       "    </tr>\n",
       "    <tr>\n",
       "      <th>49997</th>\n",
       "      <td>0.233404</td>\n",
       "      <td>0.232944</td>\n",
       "    </tr>\n",
       "    <tr>\n",
       "      <th>49998</th>\n",
       "      <td>0.190673</td>\n",
       "      <td>0.215223</td>\n",
       "    </tr>\n",
       "    <tr>\n",
       "      <th>49999</th>\n",
       "      <td>0.252789</td>\n",
       "      <td>0.242286</td>\n",
       "    </tr>\n",
       "  </tbody>\n",
       "</table>\n",
       "</div>"
      ],
      "text/plain": [
       "         Return  Volatility\n",
       "49995  0.184474    0.203439\n",
       "49996  0.238880    0.219385\n",
       "49997  0.233404    0.232944\n",
       "49998  0.190673    0.215223\n",
       "49999  0.252789    0.242286"
      ]
     },
     "execution_count": 37,
     "metadata": {},
     "output_type": "execute_result"
    }
   ],
   "source": [
