{
 "cells": [
  {
   "cell_type": "code",
   "execution_count": null,
   "metadata": {},
   "outputs": [],
   "source": [
    "# Libraries Used \n",
    "import pandas as pd\n",
    "import numpy as np \n",
    "from pandas_datareader import data as wb\n",
    "import matplotlib.pyplot as plt\n",
    "import seaborn as sns\n",
    "\n",
    "from ipywidgets import IntSlider as widgets\n",
    "\n",
    "%matplotlib inline"
   ]
  },
  {
   "cell_type": "markdown",
   "metadata": {},
   "source": [
    "## Data Collection and Cleaning"
   ]
  },
  {
   "cell_type": "code",
   "execution_count": 2,
   "metadata": {},
   "outputs": [],
   "source": [
    "tickers = ['AMZN', 'AAPL', 'PFE', 'AZN', 'BABA', 'AGNC', 'BRK-B', 'BA', 'LUV', 'DAL', 'EADSY', 'XOM']\n",
    "# weights = np.array([.3525, .1822, .0424, .0622, .2776, .0180, .0650])\n",
    "# indices = ['^DJI', '^IXIC', '^GSPC'] \n",
    "my_data = pd.DataFrame()\n",
    "for t in tickers:\n",
    "    my_data[t] = wb.DataReader(t, data_source='yahoo', start='2000-1-1')['Adj Close']"
   ]
  },
  {
   "cell_type": "code",
   "execution_count": 3,
   "metadata": {
    "scrolled": true
   },
   "outputs": [
    {
     "name": "stdout",
     "output_type": "stream",
     "text": [
      "<class 'pandas.core.frame.DataFrame'>\n",
      "DatetimeIndex: 1478 entries, 2014-09-19 to 2020-08-03\n",
      "Data columns (total 12 columns):\n",
      " #   Column  Non-Null Count  Dtype  \n",
      "---  ------  --------------  -----  \n",
      " 0   AMZN    1478 non-null   float64\n",
      " 1   AAPL    1478 non-null   float64\n",
      " 2   PFE     1478 non-null   float64\n",
      " 3   AZN     1478 non-null   float64\n",
      " 4   BABA    1478 non-null   float64\n",
      " 5   AGNC    1478 non-null   float64\n",
      " 6   BRK-B   1478 non-null   float64\n",
      " 7   BA      1478 non-null   float64\n",
      " 8   LUV     1478 non-null   float64\n",
      " 9   DAL     1478 non-null   float64\n",
      " 10  EADSY   1478 non-null   float64\n",
      " 11  XOM     1478 non-null   float64\n",
      "dtypes: float64(12)\n",
      "memory usage: 150.1 KB\n"
     ]
    }
   ],
   "source": [
    "my_data = my_data.dropna()\n",
    "my_data.info()"
   ]
  },
  {
   "cell_type": "code",
   "execution_count": 4,
   "metadata": {
    "scrolled": true
   },
   "outputs": [
    {
     "name": "stdout",
     "output_type": "stream",
     "text": [
      "<class 'pandas.core.frame.DataFrame'>\n",
      "DatetimeIndex: 1477 entries, 2014-09-22 to 2020-08-03\n",
      "Data columns (total 12 columns):\n",
      " #   Column  Non-Null Count  Dtype  \n",
      "---  ------  --------------  -----  \n",
      " 0   AMZN    1477 non-null   float64\n",
      " 1   AAPL    1477 non-null   float64\n",
      " 2   PFE     1477 non-null   float64\n",
      " 3   AZN     1477 non-null   float64\n",
      " 4   BABA    1477 non-null   float64\n",
      " 5   AGNC    1477 non-null   float64\n",
      " 6   BRK-B   1477 non-null   float64\n",
      " 7   BA      1477 non-null   float64\n",
      " 8   LUV     1477 non-null   float64\n",
      " 9   DAL     1477 non-null   float64\n",
      " 10  EADSY   1477 non-null   float64\n",
      " 11  XOM     1477 non-null   float64\n",
      "dtypes: float64(12)\n",
      "memory usage: 150.0 KB\n"
     ]
    }
   ],
   "source": [
    "sec_returns = np.log(my_data/my_data.shift(1))\n",
    "sec_returns\n",
    "\n",
    "\n",
    "sec_returns = sec_returns.dropna()\n",
    "sec_returns.info()"
   ]
  },
  {
   "cell_type": "markdown",
   "metadata": {},
   "source": [
    "## Data Analysis"
   ]
  },
  {
   "cell_type": "code",
   "execution_count": 5,
   "metadata": {
    "jupyter": {
     "source_hidden": true
    }
   },
   "outputs": [
    {
     "data": {
      "text/html": [
       "<div>\n",
       "<style scoped>\n",
       "    .dataframe tbody tr th:only-of-type {\n",
       "        vertical-align: middle;\n",
       "    }\n",
       "\n",
       "    .dataframe tbody tr th {\n",
       "        vertical-align: top;\n",
       "    }\n",
       "\n",
       "    .dataframe thead th {\n",
       "        text-align: right;\n",
       "    }\n",
       "</style>\n",
       "<table border=\"1\" class=\"dataframe\">\n",
       "  <thead>\n",
       "    <tr style=\"text-align: right;\">\n",
       "      <th></th>\n",
       "      <th>AMZN</th>\n",
       "      <th>AAPL</th>\n",
       "      <th>PFE</th>\n",
       "      <th>AZN</th>\n",
       "      <th>BABA</th>\n",
       "      <th>AGNC</th>\n",
       "      <th>BRK-B</th>\n",
       "      <th>BA</th>\n",
       "      <th>LUV</th>\n",
       "      <th>DAL</th>\n",
       "      <th>EADSY</th>\n",
       "      <th>XOM</th>\n",
       "    </tr>\n",
       "    <tr>\n",
       "      <th>Date</th>\n",
       "      <th></th>\n",
       "      <th></th>\n",
       "      <th></th>\n",
       "      <th></th>\n",
       "      <th></th>\n",
       "      <th></th>\n",
       "      <th></th>\n",
       "      <th></th>\n",
       "      <th></th>\n",
       "      <th></th>\n",
       "      <th></th>\n",
       "      <th></th>\n",
       "    </tr>\n",
       "  </thead>\n",
       "  <tbody>\n",
       "    <tr>\n",
       "      <th>2014-09-22</th>\n",
       "      <td>-0.020799</td>\n",
       "      <td>0.000990</td>\n",
       "      <td>-0.007263</td>\n",
       "      <td>-0.000669</td>\n",
       "      <td>-0.043537</td>\n",
       "      <td>-9.393660e-03</td>\n",
       "      <td>-0.009292</td>\n",
       "      <td>-0.005737</td>\n",
       "      <td>-0.011934</td>\n",
       "      <td>-0.018019</td>\n",
       "      <td>-0.003165</td>\n",
       "      <td>-0.005990</td>\n",
       "    </tr>\n",
       "    <tr>\n",
       "      <th>2014-09-23</th>\n",
       "      <td>-0.002685</td>\n",
       "      <td>0.015513</td>\n",
       "      <td>-0.004317</td>\n",
       "      <td>-0.048569</td>\n",
       "      <td>-0.030726</td>\n",
       "      <td>-3.602477e-03</td>\n",
       "      <td>-0.003453</td>\n",
       "      <td>-0.009610</td>\n",
       "      <td>-0.026407</td>\n",
       "      <td>-0.006609</td>\n",
       "      <td>-0.036156</td>\n",
       "      <td>-0.005297</td>\n",
       "    </tr>\n",
       "    <tr>\n",
       "      <th>2014-09-24</th>\n",
       "      <td>0.014053</td>\n",
       "      <td>-0.008709</td>\n",
       "      <td>0.008615</td>\n",
       "      <td>0.007424</td>\n",
       "      <td>0.038263</td>\n",
       "      <td>-3.614975e-03</td>\n",
       "      <td>0.008395</td>\n",
       "      <td>0.009377</td>\n",
       "      <td>0.031664</td>\n",
       "      <td>-0.001062</td>\n",
       "      <td>-0.000658</td>\n",
       "      <td>-0.002189</td>\n",
       "    </tr>\n",
       "    <tr>\n",
       "      <th>2014-09-25</th>\n",
       "      <td>-0.019320</td>\n",
       "      <td>-0.038879</td>\n",
       "      <td>-0.010947</td>\n",
       "      <td>-0.009394</td>\n",
       "      <td>-0.018386</td>\n",
       "      <td>4.523014e-04</td>\n",
       "      <td>-0.020648</td>\n",
       "      <td>-0.011262</td>\n",
       "      <td>-0.020304</td>\n",
       "      <td>-0.026912</td>\n",
       "      <td>0.009820</td>\n",
       "      <td>-0.016521</td>\n",
       "    </tr>\n",
       "    <tr>\n",
       "      <th>2014-09-26</th>\n",
       "      <td>0.003968</td>\n",
       "      <td>0.029002</td>\n",
       "      <td>-0.008710</td>\n",
       "      <td>0.013571</td>\n",
       "      <td>0.017171</td>\n",
       "      <td>2.637242e-07</td>\n",
       "      <td>0.011531</td>\n",
       "      <td>0.012117</td>\n",
       "      <td>0.007994</td>\n",
       "      <td>-0.003826</td>\n",
       "      <td>0.021271</td>\n",
       "      <td>0.012442</td>\n",
       "    </tr>\n",
       "    <tr>\n",
       "      <th>...</th>\n",
       "      <td>...</td>\n",
       "      <td>...</td>\n",
       "      <td>...</td>\n",
       "      <td>...</td>\n",
       "      <td>...</td>\n",
       "      <td>...</td>\n",
       "      <td>...</td>\n",
       "      <td>...</td>\n",
       "      <td>...</td>\n",
       "      <td>...</td>\n",
       "      <td>...</td>\n",
       "      <td>...</td>\n",
       "    </tr>\n",
       "    <tr>\n",
       "      <th>2020-07-28</th>\n",
       "      <td>-0.018126</td>\n",
       "      <td>-0.016564</td>\n",
       "      <td>0.038667</td>\n",
       "      <td>-0.004606</td>\n",
       "      <td>-0.007241</td>\n",
       "      <td>-1.026407e-02</td>\n",
       "      <td>0.010252</td>\n",
       "      <td>0.003694</td>\n",
       "      <td>0.023818</td>\n",
       "      <td>0.017108</td>\n",
       "      <td>0.015226</td>\n",
       "      <td>-0.011870</td>\n",
       "    </tr>\n",
       "    <tr>\n",
       "      <th>2020-07-29</th>\n",
       "      <td>0.011005</td>\n",
       "      <td>0.018987</td>\n",
       "      <td>0.006132</td>\n",
       "      <td>0.005666</td>\n",
       "      <td>0.013560</td>\n",
       "      <td>1.463094e-02</td>\n",
       "      <td>0.011728</td>\n",
       "      <td>-0.028679</td>\n",
       "      <td>-0.015606</td>\n",
       "      <td>-0.008517</td>\n",
       "      <td>-0.013037</td>\n",
       "      <td>0.010962</td>\n",
       "    </tr>\n",
       "    <tr>\n",
       "      <th>2020-07-30</th>\n",
       "      <td>0.006031</td>\n",
       "      <td>0.012028</td>\n",
       "      <td>-0.003607</td>\n",
       "      <td>0.021829</td>\n",
       "      <td>0.001148</td>\n",
       "      <td>-2.200271e-03</td>\n",
       "      <td>-0.010801</td>\n",
       "      <td>-0.024760</td>\n",
       "      <td>-0.026456</td>\n",
       "      <td>-0.030796</td>\n",
       "      <td>0.027502</td>\n",
       "      <td>-0.050302</td>\n",
       "    </tr>\n",
       "    <tr>\n",
       "      <th>2020-07-31</th>\n",
       "      <td>0.036294</td>\n",
       "      <td>0.099564</td>\n",
       "      <td>-0.006734</td>\n",
       "      <td>-0.037129</td>\n",
       "      <td>-0.006829</td>\n",
       "      <td>-1.469472e-03</td>\n",
       "      <td>0.007588</td>\n",
       "      <td>-0.024693</td>\n",
       "      <td>-0.002264</td>\n",
       "      <td>0.001202</td>\n",
       "      <td>-0.036289</td>\n",
       "      <td>0.005003</td>\n",
       "    </tr>\n",
       "    <tr>\n",
       "      <th>2020-08-03</th>\n",
       "      <td>-0.016822</td>\n",
       "      <td>0.024885</td>\n",
       "      <td>-0.003123</td>\n",
       "      <td>0.018239</td>\n",
       "      <td>0.027039</td>\n",
       "      <td>1.024145e-02</td>\n",
       "      <td>0.016313</td>\n",
       "      <td>0.026170</td>\n",
       "      <td>0.021775</td>\n",
       "      <td>0.009764</td>\n",
       "      <td>0.022443</td>\n",
       "      <td>0.004034</td>\n",
       "    </tr>\n",
       "  </tbody>\n",
       "</table>\n",
       "<p>1477 rows × 12 columns</p>\n",
       "</div>"
      ],
      "text/plain": [
       "                AMZN      AAPL       PFE       AZN      BABA          AGNC  \\\n",
       "Date                                                                         \n",
       "2014-09-22 -0.020799  0.000990 -0.007263 -0.000669 -0.043537 -9.393660e-03   \n",
       "2014-09-23 -0.002685  0.015513 -0.004317 -0.048569 -0.030726 -3.602477e-03   \n",
       "2014-09-24  0.014053 -0.008709  0.008615  0.007424  0.038263 -3.614975e-03   \n",
       "2014-09-25 -0.019320 -0.038879 -0.010947 -0.009394 -0.018386  4.523014e-04   \n",
       "2014-09-26  0.003968  0.029002 -0.008710  0.013571  0.017171  2.637242e-07   \n",
       "...              ...       ...       ...       ...       ...           ...   \n",
       "2020-07-28 -0.018126 -0.016564  0.038667 -0.004606 -0.007241 -1.026407e-02   \n",
       "2020-07-29  0.011005  0.018987  0.006132  0.005666  0.013560  1.463094e-02   \n",
       "2020-07-30  0.006031  0.012028 -0.003607  0.021829  0.001148 -2.200271e-03   \n",
       "2020-07-31  0.036294  0.099564 -0.006734 -0.037129 -0.006829 -1.469472e-03   \n",
       "2020-08-03 -0.016822  0.024885 -0.003123  0.018239  0.027039  1.024145e-02   \n",
       "\n",
       "               BRK-B        BA       LUV       DAL     EADSY       XOM  \n",
       "Date                                                                    \n",
       "2014-09-22 -0.009292 -0.005737 -0.011934 -0.018019 -0.003165 -0.005990  \n",
       "2014-09-23 -0.003453 -0.009610 -0.026407 -0.006609 -0.036156 -0.005297  \n",
       "2014-09-24  0.008395  0.009377  0.031664 -0.001062 -0.000658 -0.002189  \n",
       "2014-09-25 -0.020648 -0.011262 -0.020304 -0.026912  0.009820 -0.016521  \n",
       "2014-09-26  0.011531  0.012117  0.007994 -0.003826  0.021271  0.012442  \n",
       "...              ...       ...       ...       ...       ...       ...  \n",
       "2020-07-28  0.010252  0.003694  0.023818  0.017108  0.015226 -0.011870  \n",
       "2020-07-29  0.011728 -0.028679 -0.015606 -0.008517 -0.013037  0.010962  \n",
       "2020-07-30 -0.010801 -0.024760 -0.026456 -0.030796  0.027502 -0.050302  \n",
       "2020-07-31  0.007588 -0.024693 -0.002264  0.001202 -0.036289  0.005003  \n",
       "2020-08-03  0.016313  0.026170  0.021775  0.009764  0.022443  0.004034  \n",
       "\n",
       "[1477 rows x 12 columns]"
      ]
     },
     "execution_count": 5,
     "metadata": {},
     "output_type": "execute_result"
    }
   ],
   "source": [
    "sec_returns"
   ]
  },
  {
   "cell_type": "code",
   "execution_count": 6,
   "metadata": {},
   "outputs": [
    {
     "name": "stdout",
     "output_type": "stream",
     "text": [
      "\n",
      "# AMZN\n",
      "DAILY\n",
      "Daily Return: 0.1517 %\n",
      "Daily Risk: 1.9142 %\n",
      "\n",
      "ANNUAL\n",
      "Annual Return: 37.913 %\n",
      "Annual Risk: 30.2654 %\n",
      "\n",
      "# AAPL\n",
      "DAILY\n",
      "Daily Return: 0.1054 %\n",
      "Daily Risk: 1.7978 %\n",
      "\n",
      "ANNUAL\n",
      "Annual Return: 26.3442 %\n",
      "Annual Risk: 28.4254 %\n",
      "\n",
      "# PFE\n",
      "DAILY\n",
      "Daily Return: 0.0305 %\n",
      "Daily Risk: 1.3426 %\n",
      "\n",
      "ANNUAL\n",
      "Annual Return: 7.6356 %\n",
      "Annual Risk: 21.2278 %\n",
      "\n",
      "# AZN\n",
      "DAILY\n",
      "Daily Return: 0.0476 %\n",
      "Daily Risk: 1.5956 %\n",
      "\n",
      "ANNUAL\n",
      "Annual Return: 11.9084 %\n",
      "Annual Risk: 25.2287 %\n",
      "\n",
      "# BABA\n",
      "DAILY\n",
      "Daily Return: 0.0684 %\n",
      "Daily Risk: 2.0609 %\n",
      "\n",
      "ANNUAL\n",
      "Annual Return: 17.103 %\n",
      "Annual Risk: 32.5861 %\n",
      "\n",
      "# AGNC\n",
      "DAILY\n",
      "Daily Return: 0.0149 %\n",
      "Daily Risk: 1.5209 %\n",
      "\n",
      "ANNUAL\n",
      "Annual Return: 3.7258 %\n",
      "Annual Risk: 24.0483 %\n",
      "\n",
      "# BRK-B\n",
      "DAILY\n",
      "Daily Return: 0.0235 %\n",
      "Daily Risk: 1.3028 %\n",
      "\n",
      "ANNUAL\n",
      "Annual Return: 5.8847 %\n",
      "Annual Risk: 20.5996 %\n",
      "\n",
      "# BA\n",
      "DAILY\n",
      "Daily Return: 0.0253 %\n",
      "Daily Risk: 2.601 %\n",
      "\n",
      "ANNUAL\n",
      "Annual Return: 6.3256 %\n",
      "Annual Risk: 41.1247 %\n",
      "\n",
      "# LUV\n",
      "DAILY\n",
      "Daily Return: -0.0025 %\n",
      "Daily Risk: 2.2531 %\n",
      "\n",
      "ANNUAL\n",
      "Annual Return: -0.6247 %\n",
      "Annual Risk: 35.624 %\n",
      "\n",
      "# DAL\n",
      "DAILY\n",
      "Daily Return: -0.0216 %\n",
      "Daily Risk: 2.5758 %\n",
      "\n",
      "ANNUAL\n",
      "Annual Return: -5.4076 %\n",
      "Annual Risk: 40.7264 %\n",
      "\n",
      "# EADSY\n",
      "DAILY\n",
      "Daily Return: 0.0193 %\n",
      "Daily Risk: 2.4219 %\n",
      "\n",
      "ANNUAL\n",
      "Annual Return: 4.8162 %\n",
      "Annual Risk: 38.2935 %\n",
      "\n",
      "# XOM\n",
      "DAILY\n",
      "Daily Return: -0.0405 %\n",
      "Daily Risk: 1.6515 %\n",
      "\n",
      "ANNUAL\n",
      "Annual Return: -10.1303 %\n",
      "Annual Risk: 26.1117 %\n"
     ]
    }
   ],
   "source": [
    "for t in tickers:\n",
    "\n",
    "    \n",
    "    print(\"\")\n",
    "    print(\"#\",t)\n",
    "    print(\"DAILY\")\n",
    "    print(\"Daily Return:\", round(sec_returns[t].mean()*100, 4), \"%\")\n",
    "    print(\"Daily Risk:\", round(sec_returns[t].std()*100, 4), \"%\")\n",
    "\n",
    "    print(\"\")\n",
    "\n",
    "    print(\"ANNUAL\")\n",
    "    mean_return = round((sec_returns[t].mean()*250)*100, 4)\n",
    "    std_return = round((sec_returns[t].std()*250**.5)*100, 4)\n",
    "    print(\"Annual Return:\", mean_return, \"%\")\n",
    "    print(\"Annual Risk:\", std_return, \"%\")\n",
    "    \n",
    "\n",
    "    \n",
    "    "
   ]
  },
  {
   "cell_type": "code",
   "execution_count": 7,
   "metadata": {
    "scrolled": true
   },
   "outputs": [
    {
     "data": {
      "text/plain": [
       "AMZN    2014-10-24\n",
       "AAPL    2020-03-16\n",
       "PFE     2020-03-16\n",
       "AZN     2017-07-27\n",
       "BABA    2015-01-29\n",
       "AGNC    2020-03-12\n",
       "BRK-B   2020-03-12\n",
       "BA      2020-03-16\n",
       "LUV     2020-03-12\n",
       "DAL     2020-03-18\n",
       "EADSY   2020-03-18\n",
       "XOM     2020-03-09\n",
       "dtype: datetime64[ns]"
      ]
     },
     "execution_count": 7,
     "metadata": {},
     "output_type": "execute_result"
    }
   ],
   "source": [
    "sec_returns.idxmin() "
   ]
  },
  {
   "cell_type": "code",
   "execution_count": 8,
   "metadata": {},
   "outputs": [
    {
     "data": {
      "text/plain": [
       "AMZN    2015-04-24\n",
       "AAPL    2020-03-13\n",
       "PFE     2020-03-13\n",
       "AZN     2019-02-14\n",
       "BABA    2017-06-08\n",
       "AGNC    2020-03-25\n",
       "BRK-B   2020-03-13\n",
       "BA      2020-03-25\n",
       "LUV     2020-03-13\n",
       "DAL     2020-03-24\n",
       "EADSY   2020-03-26\n",
       "XOM     2020-03-24\n",
       "dtype: datetime64[ns]"
      ]
     },
     "execution_count": 8,
     "metadata": {},
     "output_type": "execute_result"
    }
   ],
   "source": [
    "sec_returns.idxmax()"
   ]
  },
  {
   "cell_type": "code",
   "execution_count": 9,
   "metadata": {
    "jupyter": {
     "source_hidden": true
    }
   },
   "outputs": [
    {
     "data": {
      "text/html": [
       "<div>\n",
       "<style scoped>\n",
       "    .dataframe tbody tr th:only-of-type {\n",
       "        vertical-align: middle;\n",
       "    }\n",
       "\n",
       "    .dataframe tbody tr th {\n",
       "        vertical-align: top;\n",
       "    }\n",
       "\n",
       "    .dataframe thead th {\n",
       "        text-align: right;\n",
       "    }\n",
       "</style>\n",
       "<table border=\"1\" class=\"dataframe\">\n",
       "  <thead>\n",
       "    <tr style=\"text-align: right;\">\n",
       "      <th></th>\n",
       "      <th>AMZN</th>\n",
       "      <th>AAPL</th>\n",
       "      <th>PFE</th>\n",
       "      <th>AZN</th>\n",
       "      <th>BABA</th>\n",
       "      <th>AGNC</th>\n",
       "      <th>BRK-B</th>\n",
       "      <th>BA</th>\n",
       "      <th>LUV</th>\n",
       "      <th>DAL</th>\n",
       "      <th>EADSY</th>\n",
       "      <th>XOM</th>\n",
       "    </tr>\n",
       "  </thead>\n",
       "  <tbody>\n",
       "    <tr>\n",
       "      <th>AMZN</th>\n",
       "      <td>0.000366</td>\n",
       "      <td>0.000184</td>\n",
       "      <td>0.000081</td>\n",
       "      <td>0.000086</td>\n",
       "      <td>0.000189</td>\n",
       "      <td>0.000052</td>\n",
       "      <td>0.000098</td>\n",
       "      <td>0.000144</td>\n",
       "      <td>0.000106</td>\n",
       "      <td>0.000112</td>\n",
       "      <td>0.000126</td>\n",
       "      <td>0.000093</td>\n",
       "    </tr>\n",
       "    <tr>\n",
       "      <th>AAPL</th>\n",
       "      <td>0.000184</td>\n",
       "      <td>0.000323</td>\n",
       "      <td>0.000101</td>\n",
       "      <td>0.000105</td>\n",
       "      <td>0.000173</td>\n",
       "      <td>0.000079</td>\n",
       "      <td>0.000137</td>\n",
       "      <td>0.000212</td>\n",
       "      <td>0.000153</td>\n",
       "      <td>0.000179</td>\n",
       "      <td>0.000170</td>\n",
       "      <td>0.000138</td>\n",
       "    </tr>\n",
       "    <tr>\n",
       "      <th>PFE</th>\n",
       "      <td>0.000081</td>\n",
       "      <td>0.000101</td>\n",
       "      <td>0.000180</td>\n",
       "      <td>0.000090</td>\n",
       "      <td>0.000076</td>\n",
       "      <td>0.000053</td>\n",
       "      <td>0.000099</td>\n",
       "      <td>0.000129</td>\n",
       "      <td>0.000102</td>\n",
       "      <td>0.000115</td>\n",
       "      <td>0.000108</td>\n",
       "      <td>0.000094</td>\n",
       "    </tr>\n",
       "    <tr>\n",
       "      <th>AZN</th>\n",
       "      <td>0.000086</td>\n",
       "      <td>0.000105</td>\n",
       "      <td>0.000090</td>\n",
       "      <td>0.000255</td>\n",
       "      <td>0.000089</td>\n",
       "      <td>0.000050</td>\n",
       "      <td>0.000076</td>\n",
       "      <td>0.000109</td>\n",
       "      <td>0.000089</td>\n",
       "      <td>0.000100</td>\n",
       "      <td>0.000123</td>\n",
       "      <td>0.000078</td>\n",
       "    </tr>\n",
       "    <tr>\n",
       "      <th>BABA</th>\n",
       "      <td>0.000189</td>\n",
       "      <td>0.000173</td>\n",
       "      <td>0.000076</td>\n",
       "      <td>0.000089</td>\n",
       "      <td>0.000425</td>\n",
       "      <td>0.000052</td>\n",
       "      <td>0.000103</td>\n",
       "      <td>0.000174</td>\n",
       "      <td>0.000136</td>\n",
       "      <td>0.000164</td>\n",
       "      <td>0.000171</td>\n",
       "      <td>0.000106</td>\n",
       "    </tr>\n",
       "    <tr>\n",
       "      <th>AGNC</th>\n",
       "      <td>0.000052</td>\n",
       "      <td>0.000079</td>\n",
       "      <td>0.000053</td>\n",
       "      <td>0.000050</td>\n",
       "      <td>0.000052</td>\n",
       "      <td>0.000231</td>\n",
       "      <td>0.000080</td>\n",
       "      <td>0.000210</td>\n",
       "      <td>0.000135</td>\n",
       "      <td>0.000191</td>\n",
       "      <td>0.000179</td>\n",
       "      <td>0.000110</td>\n",
       "    </tr>\n",
       "    <tr>\n",
       "      <th>BRK-B</th>\n",
       "      <td>0.000098</td>\n",
       "      <td>0.000137</td>\n",
       "      <td>0.000099</td>\n",
       "      <td>0.000076</td>\n",
       "      <td>0.000103</td>\n",
       "      <td>0.000080</td>\n",
       "      <td>0.000170</td>\n",
       "      <td>0.000204</td>\n",
       "      <td>0.000156</td>\n",
       "      <td>0.000190</td>\n",
       "      <td>0.000171</td>\n",
       "      <td>0.000145</td>\n",
       "    </tr>\n",
       "    <tr>\n",
       "      <th>BA</th>\n",
       "      <td>0.000144</td>\n",
       "      <td>0.000212</td>\n",
       "      <td>0.000129</td>\n",
       "      <td>0.000109</td>\n",
       "      <td>0.000174</td>\n",
       "      <td>0.000210</td>\n",
       "      <td>0.000204</td>\n",
       "      <td>0.000676</td>\n",
       "      <td>0.000326</td>\n",
       "      <td>0.000420</td>\n",
       "      <td>0.000378</td>\n",
       "      <td>0.000242</td>\n",
       "    </tr>\n",
       "    <tr>\n",
       "      <th>LUV</th>\n",
       "      <td>0.000106</td>\n",
       "      <td>0.000153</td>\n",
       "      <td>0.000102</td>\n",
       "      <td>0.000089</td>\n",
       "      <td>0.000136</td>\n",
       "      <td>0.000135</td>\n",
       "      <td>0.000156</td>\n",
       "      <td>0.000326</td>\n",
       "      <td>0.000508</td>\n",
       "      <td>0.000448</td>\n",
       "      <td>0.000256</td>\n",
       "      <td>0.000148</td>\n",
       "    </tr>\n",
       "    <tr>\n",
       "      <th>DAL</th>\n",
       "      <td>0.000112</td>\n",
       "      <td>0.000179</td>\n",
       "      <td>0.000115</td>\n",
       "      <td>0.000100</td>\n",
       "      <td>0.000164</td>\n",
       "      <td>0.000191</td>\n",
       "      <td>0.000190</td>\n",
       "      <td>0.000420</td>\n",
       "      <td>0.000448</td>\n",
       "      <td>0.000663</td>\n",
       "      <td>0.000344</td>\n",
       "      <td>0.000187</td>\n",
       "    </tr>\n",
       "    <tr>\n",
       "      <th>EADSY</th>\n",
       "      <td>0.000126</td>\n",
       "      <td>0.000170</td>\n",
       "      <td>0.000108</td>\n",
       "      <td>0.000123</td>\n",
       "      <td>0.000171</td>\n",
       "      <td>0.000179</td>\n",
       "      <td>0.000171</td>\n",
       "      <td>0.000378</td>\n",
       "      <td>0.000256</td>\n",
       "      <td>0.000344</td>\n",
       "      <td>0.000587</td>\n",
       "      <td>0.000195</td>\n",
       "    </tr>\n",
       "    <tr>\n",
       "      <th>XOM</th>\n",
       "      <td>0.000093</td>\n",
       "      <td>0.000138</td>\n",
       "      <td>0.000094</td>\n",
       "      <td>0.000078</td>\n",
       "      <td>0.000106</td>\n",
       "      <td>0.000110</td>\n",
       "      <td>0.000145</td>\n",
       "      <td>0.000242</td>\n",
       "      <td>0.000148</td>\n",
       "      <td>0.000187</td>\n",
       "      <td>0.000195</td>\n",
       "      <td>0.000273</td>\n",
       "    </tr>\n",
       "  </tbody>\n",
       "</table>\n",
       "</div>"
      ],
      "text/plain": [
       "           AMZN      AAPL       PFE       AZN      BABA      AGNC     BRK-B  \\\n",
       "AMZN   0.000366  0.000184  0.000081  0.000086  0.000189  0.000052  0.000098   \n",
       "AAPL   0.000184  0.000323  0.000101  0.000105  0.000173  0.000079  0.000137   \n",
       "PFE    0.000081  0.000101  0.000180  0.000090  0.000076  0.000053  0.000099   \n",
       "AZN    0.000086  0.000105  0.000090  0.000255  0.000089  0.000050  0.000076   \n",
       "BABA   0.000189  0.000173  0.000076  0.000089  0.000425  0.000052  0.000103   \n",
       "AGNC   0.000052  0.000079  0.000053  0.000050  0.000052  0.000231  0.000080   \n",
       "BRK-B  0.000098  0.000137  0.000099  0.000076  0.000103  0.000080  0.000170   \n",
       "BA     0.000144  0.000212  0.000129  0.000109  0.000174  0.000210  0.000204   \n",
       "LUV    0.000106  0.000153  0.000102  0.000089  0.000136  0.000135  0.000156   \n",
       "DAL    0.000112  0.000179  0.000115  0.000100  0.000164  0.000191  0.000190   \n",
       "EADSY  0.000126  0.000170  0.000108  0.000123  0.000171  0.000179  0.000171   \n",
       "XOM    0.000093  0.000138  0.000094  0.000078  0.000106  0.000110  0.000145   \n",
       "\n",
       "             BA       LUV       DAL     EADSY       XOM  \n",
       "AMZN   0.000144  0.000106  0.000112  0.000126  0.000093  \n",
       "AAPL   0.000212  0.000153  0.000179  0.000170  0.000138  \n",
       "PFE    0.000129  0.000102  0.000115  0.000108  0.000094  \n",
       "AZN    0.000109  0.000089  0.000100  0.000123  0.000078  \n",
       "BABA   0.000174  0.000136  0.000164  0.000171  0.000106  \n",
       "AGNC   0.000210  0.000135  0.000191  0.000179  0.000110  \n",
       "BRK-B  0.000204  0.000156  0.000190  0.000171  0.000145  \n",
       "BA     0.000676  0.000326  0.000420  0.000378  0.000242  \n",
       "LUV    0.000326  0.000508  0.000448  0.000256  0.000148  \n",
       "DAL    0.000420  0.000448  0.000663  0.000344  0.000187  \n",
       "EADSY  0.000378  0.000256  0.000344  0.000587  0.000195  \n",
       "XOM    0.000242  0.000148  0.000187  0.000195  0.000273  "
      ]
     },
     "execution_count": 9,
     "metadata": {},
     "output_type": "execute_result"
    }
   ],
   "source": [
    "# Covariance \n",
    "# Determines if there is a relationship between two stocks, whether they move together:\n",
    "# positively, negatively, or neutral \n",
    "return_cov = sec_returns.cov()\n",
    "return_cov"
   ]
  },
  {
   "cell_type": "code",
   "execution_count": 10,
   "metadata": {
    "jupyter": {
     "source_hidden": true
    },
    "scrolled": true
   },
   "outputs": [
    {
     "data": {
      "text/html": [
       "<div>\n",
       "<style scoped>\n",
       "    .dataframe tbody tr th:only-of-type {\n",
       "        vertical-align: middle;\n",
       "    }\n",
       "\n",
       "    .dataframe tbody tr th {\n",
       "        vertical-align: top;\n",
       "    }\n",
       "\n",
       "    .dataframe thead th {\n",
       "        text-align: right;\n",
       "    }\n",
       "</style>\n",
       "<table border=\"1\" class=\"dataframe\">\n",
       "  <thead>\n",
       "    <tr style=\"text-align: right;\">\n",
       "      <th></th>\n",
       "      <th>AMZN</th>\n",
       "      <th>AAPL</th>\n",
       "      <th>PFE</th>\n",
       "      <th>AZN</th>\n",
       "      <th>BABA</th>\n",
       "      <th>AGNC</th>\n",
       "      <th>BRK-B</th>\n",
       "      <th>BA</th>\n",
       "      <th>LUV</th>\n",
       "      <th>DAL</th>\n",
       "      <th>EADSY</th>\n",
       "      <th>XOM</th>\n",
       "    </tr>\n",
       "  </thead>\n",
       "  <tbody>\n",
       "    <tr>\n",
       "      <th>AMZN</th>\n",
       "      <td>1.000000</td>\n",
       "      <td>0.533872</td>\n",
       "      <td>0.314260</td>\n",
       "      <td>0.281271</td>\n",
       "      <td>0.478961</td>\n",
       "      <td>0.176949</td>\n",
       "      <td>0.393259</td>\n",
       "      <td>0.289393</td>\n",
       "      <td>0.245018</td>\n",
       "      <td>0.227482</td>\n",
       "      <td>0.272337</td>\n",
       "      <td>0.295725</td>\n",
       "    </tr>\n",
       "    <tr>\n",
       "      <th>AAPL</th>\n",
       "      <td>0.533872</td>\n",
       "      <td>1.000000</td>\n",
       "      <td>0.419547</td>\n",
       "      <td>0.364598</td>\n",
       "      <td>0.466513</td>\n",
       "      <td>0.289734</td>\n",
       "      <td>0.586863</td>\n",
       "      <td>0.453943</td>\n",
       "      <td>0.377680</td>\n",
       "      <td>0.386687</td>\n",
       "      <td>0.391584</td>\n",
       "      <td>0.463245</td>\n",
       "    </tr>\n",
       "    <tr>\n",
       "      <th>PFE</th>\n",
       "      <td>0.314260</td>\n",
       "      <td>0.419547</td>\n",
       "      <td>1.000000</td>\n",
       "      <td>0.418292</td>\n",
       "      <td>0.273741</td>\n",
       "      <td>0.258505</td>\n",
       "      <td>0.563518</td>\n",
       "      <td>0.368407</td>\n",
       "      <td>0.336798</td>\n",
       "      <td>0.332415</td>\n",
       "      <td>0.331202</td>\n",
       "      <td>0.421830</td>\n",
       "    </tr>\n",
       "    <tr>\n",
       "      <th>AZN</th>\n",
       "      <td>0.281271</td>\n",
       "      <td>0.364598</td>\n",
       "      <td>0.418292</td>\n",
       "      <td>1.000000</td>\n",
       "      <td>0.271441</td>\n",
       "      <td>0.207335</td>\n",
       "      <td>0.365894</td>\n",
       "      <td>0.263463</td>\n",
       "      <td>0.248717</td>\n",
       "      <td>0.243132</td>\n",
       "      <td>0.318348</td>\n",
       "      <td>0.294693</td>\n",
       "    </tr>\n",
       "    <tr>\n",
       "      <th>BABA</th>\n",
       "      <td>0.478961</td>\n",
       "      <td>0.466513</td>\n",
       "      <td>0.273741</td>\n",
       "      <td>0.271441</td>\n",
       "      <td>1.000000</td>\n",
       "      <td>0.167278</td>\n",
       "      <td>0.385396</td>\n",
       "      <td>0.324014</td>\n",
       "      <td>0.293517</td>\n",
       "      <td>0.308751</td>\n",
       "      <td>0.341643</td>\n",
       "      <td>0.310546</td>\n",
       "    </tr>\n",
       "    <tr>\n",
       "      <th>AGNC</th>\n",
       "      <td>0.176949</td>\n",
       "      <td>0.289734</td>\n",
       "      <td>0.258505</td>\n",
       "      <td>0.207335</td>\n",
       "      <td>0.167278</td>\n",
       "      <td>1.000000</td>\n",
       "      <td>0.403516</td>\n",
       "      <td>0.532007</td>\n",
       "      <td>0.393740</td>\n",
       "      <td>0.487703</td>\n",
       "      <td>0.485490</td>\n",
       "      <td>0.438653</td>\n",
       "    </tr>\n",
       "    <tr>\n",
       "      <th>BRK-B</th>\n",
       "      <td>0.393259</td>\n",
       "      <td>0.586863</td>\n",
       "      <td>0.563518</td>\n",
       "      <td>0.365894</td>\n",
       "      <td>0.385396</td>\n",
       "      <td>0.403516</td>\n",
       "      <td>1.000000</td>\n",
       "      <td>0.601470</td>\n",
       "      <td>0.533092</td>\n",
       "      <td>0.564700</td>\n",
       "      <td>0.541669</td>\n",
       "      <td>0.673573</td>\n",
       "    </tr>\n",
       "    <tr>\n",
       "      <th>BA</th>\n",
       "      <td>0.289393</td>\n",
       "      <td>0.453943</td>\n",
       "      <td>0.368407</td>\n",
       "      <td>0.263463</td>\n",
       "      <td>0.324014</td>\n",
       "      <td>0.532007</td>\n",
       "      <td>0.601470</td>\n",
       "      <td>1.000000</td>\n",
       "      <td>0.556907</td>\n",
       "      <td>0.626383</td>\n",
       "      <td>0.599627</td>\n",
       "      <td>0.562410</td>\n",
       "    </tr>\n",
       "    <tr>\n",
       "      <th>LUV</th>\n",
       "      <td>0.245018</td>\n",
       "      <td>0.377680</td>\n",
       "      <td>0.336798</td>\n",
       "      <td>0.248717</td>\n",
       "      <td>0.293517</td>\n",
       "      <td>0.393740</td>\n",
       "      <td>0.533092</td>\n",
       "      <td>0.556907</td>\n",
       "      <td>1.000000</td>\n",
       "      <td>0.771448</td>\n",
       "      <td>0.468493</td>\n",
       "      <td>0.398417</td>\n",
       "    </tr>\n",
       "    <tr>\n",
       "      <th>DAL</th>\n",
       "      <td>0.227482</td>\n",
       "      <td>0.386687</td>\n",
       "      <td>0.332415</td>\n",
       "      <td>0.243132</td>\n",
       "      <td>0.308751</td>\n",
       "      <td>0.487703</td>\n",
       "      <td>0.564700</td>\n",
       "      <td>0.626383</td>\n",
       "      <td>0.771448</td>\n",
       "      <td>1.000000</td>\n",
       "      <td>0.551606</td>\n",
       "      <td>0.438904</td>\n",
       "    </tr>\n",
       "    <tr>\n",
       "      <th>EADSY</th>\n",
       "      <td>0.272337</td>\n",
       "      <td>0.391584</td>\n",
       "      <td>0.331202</td>\n",
       "      <td>0.318348</td>\n",
       "      <td>0.341643</td>\n",
       "      <td>0.485490</td>\n",
       "      <td>0.541669</td>\n",
       "      <td>0.599627</td>\n",
       "      <td>0.468493</td>\n",
       "      <td>0.551606</td>\n",
       "      <td>1.000000</td>\n",
       "      <td>0.486657</td>\n",
       "    </tr>\n",
       "    <tr>\n",
       "      <th>XOM</th>\n",
       "      <td>0.295725</td>\n",
       "      <td>0.463245</td>\n",
       "      <td>0.421830</td>\n",
       "      <td>0.294693</td>\n",
       "      <td>0.310546</td>\n",
       "      <td>0.438653</td>\n",
       "      <td>0.673573</td>\n",
       "      <td>0.562410</td>\n",
       "      <td>0.398417</td>\n",
       "      <td>0.438904</td>\n",
       "      <td>0.486657</td>\n",
       "      <td>1.000000</td>\n",
       "    </tr>\n",
       "  </tbody>\n",
       "</table>\n",
       "</div>"
      ],
      "text/plain": [
       "           AMZN      AAPL       PFE       AZN      BABA      AGNC     BRK-B  \\\n",
       "AMZN   1.000000  0.533872  0.314260  0.281271  0.478961  0.176949  0.393259   \n",
       "AAPL   0.533872  1.000000  0.419547  0.364598  0.466513  0.289734  0.586863   \n",
       "PFE    0.314260  0.419547  1.000000  0.418292  0.273741  0.258505  0.563518   \n",
       "AZN    0.281271  0.364598  0.418292  1.000000  0.271441  0.207335  0.365894   \n",
       "BABA   0.478961  0.466513  0.273741  0.271441  1.000000  0.167278  0.385396   \n",
       "AGNC   0.176949  0.289734  0.258505  0.207335  0.167278  1.000000  0.403516   \n",
       "BRK-B  0.393259  0.586863  0.563518  0.365894  0.385396  0.403516  1.000000   \n",
       "BA     0.289393  0.453943  0.368407  0.263463  0.324014  0.532007  0.601470   \n",
       "LUV    0.245018  0.377680  0.336798  0.248717  0.293517  0.393740  0.533092   \n",
       "DAL    0.227482  0.386687  0.332415  0.243132  0.308751  0.487703  0.564700   \n",
       "EADSY  0.272337  0.391584  0.331202  0.318348  0.341643  0.485490  0.541669   \n",
       "XOM    0.295725  0.463245  0.421830  0.294693  0.310546  0.438653  0.673573   \n",
       "\n",
       "             BA       LUV       DAL     EADSY       XOM  \n",
       "AMZN   0.289393  0.245018  0.227482  0.272337  0.295725  \n",
       "AAPL   0.453943  0.377680  0.386687  0.391584  0.463245  \n",
       "PFE    0.368407  0.336798  0.332415  0.331202  0.421830  \n",
       "AZN    0.263463  0.248717  0.243132  0.318348  0.294693  \n",
       "BABA   0.324014  0.293517  0.308751  0.341643  0.310546  \n",
       "AGNC   0.532007  0.393740  0.487703  0.485490  0.438653  \n",
       "BRK-B  0.601470  0.533092  0.564700  0.541669  0.673573  \n",
       "BA     1.000000  0.556907  0.626383  0.599627  0.562410  \n",
       "LUV    0.556907  1.000000  0.771448  0.468493  0.398417  \n",
       "DAL    0.626383  0.771448  1.000000  0.551606  0.438904  \n",
       "EADSY  0.599627  0.468493  0.551606  1.000000  0.486657  \n",
       "XOM    0.562410  0.398417  0.438904  0.486657  1.000000  "
      ]
     },
     "execution_count": 10,
     "metadata": {},
     "output_type": "execute_result"
    }
   ],
   "source": [
    "# Correlations\n",
    "# Determines how close the relationship are between two stocks\n",
    "return_corr = sec_returns.corr()\n",
    "return_corr"
   ]
  },
  {
   "cell_type": "markdown",
   "metadata": {},
   "source": [
    "## Data Visualization"
   ]
  },
  {
   "cell_type": "code",
   "execution_count": 11,
   "metadata": {},
   "outputs": [
    {
     "data": {
      "text/plain": [
       "<matplotlib.axes._subplots.AxesSubplot at 0x23244a10340>"
      ]
     },
     "execution_count": 11,
     "metadata": {},
     "output_type": "execute_result"
    },
    {
     "data": {
