{
 "cells": [
  {
   "cell_type": "code",
   "execution_count": 1,
   "metadata": {},
   "outputs": [],
   "source": [
    "# Libraries Used \n",
    "import pandas as pd\n",
    "import numpy as np \n",
    "import matplotlib.pyplot as plt\n",
    "import seaborn as sns\n",
    "\n",
    "from pandas_datareader import data as wb\n",
    "\n",
    "# Magic\n",
    "%matplotlib inline"
   ]
  },
  {
   "cell_type": "code",
   "execution_count": 2,
   "metadata": {},
   "outputs": [],
   "source": [
    "# Collect historical prices by Yahoo! Finance est. 2000 \n",
    "tickers = ['AMZN','AAPL', 'TSLA', 'JD', 'SPHD', 'KR', 'WM', 'V', 'KO']\n",
    "start_date = '2000-01-01'\n",
    "historical_data = pd.DataFrame()\n",
    "for t in tickers:\n",
    "    historical_data[t] = wb.DataReader(t, data_source='yahoo', start=start_date)['Adj Close']"
   ]
  },
  {
   "cell_type": "code",
   "execution_count": 3,
   "metadata": {},
   "outputs": [
    {
     "name": "stdout",
     "output_type": "stream",
     "text": [
      "<class 'pandas.core.frame.DataFrame'>\n",
      "DatetimeIndex: 1491 entries, 2014-09-19 to 2020-08-20\n",
      "Data columns (total 6 columns):\n",
      "AMZN    1491 non-null float64\n",
      "AAPL    1491 non-null float64\n",
      "TSLA    1491 non-null float64\n",
      "BABA    1491 non-null float64\n",
      "JD      1491 non-null float64\n",
      "SPHD    1491 non-null float64\n",
      "dtypes: float64(6)\n",
      "memory usage: 81.5 KB\n"
     ]
    }
   ],
   "source": [
    "# Remove all rows that includes NaN values\n",
    "# Check if all columns match and are float variables\n",
    "historical_data = historical_data.dropna()\n",
    "historical_data.info()"
   ]
  },
  {
   "cell_type": "code",
   "execution_count": 4,
   "metadata": {},
   "outputs": [
    {
     "data": {
      "text/html": [
       "<div>\n",
       "<style scoped>\n",
       "    .dataframe tbody tr th:only-of-type {\n",
       "        vertical-align: middle;\n",
       "    }\n",
       "\n",
       "    .dataframe tbody tr th {\n",
       "        vertical-align: top;\n",
       "    }\n",
       "\n",
       "    .dataframe thead th {\n",
       "        text-align: right;\n",
       "    }\n",
       "</style>\n",
       "<table border=\"1\" class=\"dataframe\">\n",
       "  <thead>\n",
       "    <tr style=\"text-align: right;\">\n",
       "      <th></th>\n",
       "      <th>AMZN</th>\n",
       "      <th>AAPL</th>\n",
       "      <th>TSLA</th>\n",
       "      <th>BABA</th>\n",
       "      <th>JD</th>\n",
       "      <th>SPHD</th>\n",
       "    </tr>\n",
       "    <tr>\n",
       "      <th>Date</th>\n",
       "      <th></th>\n",
       "      <th></th>\n",
       "      <th></th>\n",
       "      <th></th>\n",
       "      <th></th>\n",
       "      <th></th>\n",
       "    </tr>\n",
       "  </thead>\n",
       "  <tbody>\n",
       "    <tr>\n",
       "      <th>2014-09-19</th>\n",
       "      <td>331.320007</td>\n",
       "      <td>91.730469</td>\n",
       "      <td>259.320007</td>\n",
       "      <td>93.889999</td>\n",
       "      <td>28.350000</td>\n",
       "      <td>24.605312</td>\n",
       "    </tr>\n",
       "    <tr>\n",
       "      <th>2014-09-22</th>\n",
       "      <td>324.500000</td>\n",
       "      <td>91.821304</td>\n",
       "      <td>250.029999</td>\n",
       "      <td>89.889999</td>\n",
       "      <td>26.969999</td>\n",
       "      <td>24.534039</td>\n",
       "    </tr>\n",
       "    <tr>\n",
       "      <th>2014-09-23</th>\n",
       "      <td>323.630005</td>\n",
       "      <td>93.256874</td>\n",
       "      <td>250.410004</td>\n",
       "      <td>87.169998</td>\n",
       "      <td>26.570000</td>\n",
       "      <td>24.383572</td>\n",
       "    </tr>\n",
       "    <tr>\n",
       "      <th>2014-09-24</th>\n",
       "      <td>328.209991</td>\n",
       "      <td>92.448242</td>\n",
       "      <td>252.139999</td>\n",
       "      <td>90.570000</td>\n",
       "      <td>27.180000</td>\n",
       "      <td>24.486519</td>\n",
       "    </tr>\n",
       "    <tr>\n",
       "      <th>2014-09-25</th>\n",
       "      <td>321.929993</td>\n",
       "      <td>88.922958</td>\n",
       "      <td>246.949997</td>\n",
       "      <td>88.919998</td>\n",
       "      <td>26.570000</td>\n",
       "      <td>24.296457</td>\n",
       "    </tr>\n",
       "  </tbody>\n",
       "</table>\n",
       "</div>"
      ],
      "text/plain": [
       "                  AMZN       AAPL        TSLA       BABA         JD       SPHD\n",
       "Date                                                                          \n",
       "2014-09-19  331.320007  91.730469  259.320007  93.889999  28.350000  24.605312\n",
       "2014-09-22  324.500000  91.821304  250.029999  89.889999  26.969999  24.534039\n",
       "2014-09-23  323.630005  93.256874  250.410004  87.169998  26.570000  24.383572\n",
       "2014-09-24  328.209991  92.448242  252.139999  90.570000  27.180000  24.486519\n",
       "2014-09-25  321.929993  88.922958  246.949997  88.919998  26.570000  24.296457"
      ]
     },
     "execution_count": 4,
     "metadata": {},
     "output_type": "execute_result"
    }
   ],
   "source": [
    "historical_data.head()"
   ]
  },
  {
   "cell_type": "code",
   "execution_count": 5,
   "metadata": {},
   "outputs": [
    {
     "data": {
      "text/html": [
       "<div>\n",
       "<style scoped>\n",
       "    .dataframe tbody tr th:only-of-type {\n",
       "        vertical-align: middle;\n",
       "    }\n",
       "\n",
       "    .dataframe tbody tr th {\n",
       "        vertical-align: top;\n",
       "    }\n",
       "\n",
       "    .dataframe thead th {\n",
       "        text-align: right;\n",
       "    }\n",
       "</style>\n",
       "<table border=\"1\" class=\"dataframe\">\n",
       "  <thead>\n",
       "    <tr style=\"text-align: right;\">\n",
       "      <th></th>\n",
       "      <th>AMZN</th>\n",
       "      <th>AAPL</th>\n",
       "      <th>TSLA</th>\n",
       "      <th>BABA</th>\n",
       "      <th>JD</th>\n",
       "      <th>SPHD</th>\n",
       "    </tr>\n",
       "    <tr>\n",
       "      <th>Date</th>\n",
       "      <th></th>\n",
       "      <th></th>\n",
       "      <th></th>\n",
       "      <th></th>\n",
       "      <th></th>\n",
       "      <th></th>\n",
       "    </tr>\n",
       "  </thead>\n",
       "  <tbody>\n",
       "    <tr>\n",
       "      <th>2020-08-14</th>\n",
       "      <td>3148.020020</td>\n",
       "      <td>459.630005</td>\n",
       "      <td>1650.709961</td>\n",
       "      <td>253.970001</td>\n",
       "      <td>62.060001</td>\n",
       "      <td>34.759998</td>\n",
       "    </tr>\n",
       "    <tr>\n",
       "      <th>2020-08-17</th>\n",
       "      <td>3182.409912</td>\n",
       "      <td>458.429993</td>\n",
       "      <td>1835.640015</td>\n",
       "      <td>256.959991</td>\n",
       "      <td>66.980003</td>\n",
       "      <td>34.610001</td>\n",
       "    </tr>\n",
       "    <tr>\n",
       "      <th>2020-08-18</th>\n",
       "      <td>3312.489990</td>\n",
       "      <td>462.250000</td>\n",
       "      <td>1887.089966</td>\n",
       "      <td>259.200012</td>\n",
       "      <td>70.320000</td>\n",
       "      <td>34.389999</td>\n",
       "    </tr>\n",
       "    <tr>\n",
       "      <th>2020-08-19</th>\n",
       "      <td>3260.479980</td>\n",
       "      <td>462.829987</td>\n",
       "      <td>1878.530029</td>\n",
       "      <td>260.589996</td>\n",
       "      <td>72.559998</td>\n",
       "      <td>34.270000</td>\n",
       "    </tr>\n",
       "    <tr>\n",
       "      <th>2020-08-20</th>\n",
       "      <td>3297.370117</td>\n",
       "      <td>473.100006</td>\n",
       "      <td>2001.829956</td>\n",
       "      <td>257.970001</td>\n",
       "      <td>73.940002</td>\n",
       "      <td>33.959999</td>\n",
       "    </tr>\n",
       "  </tbody>\n",
       "</table>\n",
       "</div>"
      ],
      "text/plain": [
       "                   AMZN        AAPL         TSLA        BABA         JD  \\\n",
       "Date                                                                      \n",
       "2020-08-14  3148.020020  459.630005  1650.709961  253.970001  62.060001   \n",
       "2020-08-17  3182.409912  458.429993  1835.640015  256.959991  66.980003   \n",
       "2020-08-18  3312.489990  462.250000  1887.089966  259.200012  70.320000   \n",
       "2020-08-19  3260.479980  462.829987  1878.530029  260.589996  72.559998   \n",
       "2020-08-20  3297.370117  473.100006  2001.829956  257.970001  73.940002   \n",
       "\n",
       "                 SPHD  \n",
       "Date                   \n",
       "2020-08-14  34.759998  \n",
       "2020-08-17  34.610001  \n",
       "2020-08-18  34.389999  \n",
       "2020-08-19  34.270000  \n",
       "2020-08-20  33.959999  "
      ]
     },
     "execution_count": 5,
     "metadata": {},
     "output_type": "execute_result"
    }
   ],
   "source": [
    "historical_data.tail()"
   ]
  },
  {
   "cell_type": "code",
   "execution_count": 6,
   "metadata": {},
   "outputs": [
    {
     "name": "stdout",
     "output_type": "stream",
     "text": [
      "<class 'pandas.core.frame.DataFrame'>\n",
      "DatetimeIndex: 1491 entries, 2014-09-19 to 2020-08-20\n",
      "Data columns (total 6 columns):\n",
      "AMZN    1490 non-null float64\n",
      "AAPL    1490 non-null float64\n",
      "TSLA    1490 non-null float64\n",
      "BABA    1490 non-null float64\n",
      "JD      1490 non-null float64\n",
      "SPHD    1490 non-null float64\n",
      "dtypes: float64(6)\n",
      "memory usage: 81.5 KB\n"
     ]
    }
   ],
   "source": [
    "# Calculate log returns of each companies \n",
    "# Check if all columns match and are float variables\n",
    "returns = np.log(historical_data/historical_data.shift(1))\n",
    "returns.info()"
   ]
  },
  {
   "cell_type": "code",
   "execution_count": 7,
   "metadata": {},
   "outputs": [
    {
     "data": {
      "text/html": [
       "<div>\n",
       "<style scoped>\n",
       "    .dataframe tbody tr th:only-of-type {\n",
       "        vertical-align: middle;\n",
       "    }\n",
       "\n",
       "    .dataframe tbody tr th {\n",
       "        vertical-align: top;\n",
       "    }\n",
       "\n",
       "    .dataframe thead th {\n",
       "        text-align: right;\n",
       "    }\n",
       "</style>\n",
       "<table border=\"1\" class=\"dataframe\">\n",
       "  <thead>\n",
       "    <tr style=\"text-align: right;\">\n",
       "      <th></th>\n",
       "      <th>AMZN</th>\n",
       "      <th>AAPL</th>\n",
       "      <th>TSLA</th>\n",
       "      <th>BABA</th>\n",
       "      <th>JD</th>\n",
       "      <th>SPHD</th>\n",
       "    </tr>\n",
       "    <tr>\n",
       "      <th>Date</th>\n",
       "      <th></th>\n",
       "      <th></th>\n",
       "      <th></th>\n",
       "      <th></th>\n",
       "      <th></th>\n",
       "      <th></th>\n",
       "    </tr>\n",
       "  </thead>\n",
       "  <tbody>\n",
       "    <tr>\n",
       "      <th>2014-09-19</th>\n",
       "      <td>NaN</td>\n",
       "      <td>NaN</td>\n",
       "      <td>NaN</td>\n",
       "      <td>NaN</td>\n",
       "      <td>NaN</td>\n",
       "      <td>NaN</td>\n",
       "    </tr>\n",
       "    <tr>\n",
       "      <th>2014-09-22</th>\n",
       "      <td>-0.020799</td>\n",
       "      <td>0.000990</td>\n",
       "      <td>-0.036482</td>\n",
       "      <td>-0.043537</td>\n",
       "      <td>-0.049902</td>\n",
       "      <td>-0.002901</td>\n",
       "    </tr>\n",
       "    <tr>\n",
       "      <th>2014-09-23</th>\n",
       "      <td>-0.002685</td>\n",
       "      <td>0.015513</td>\n",
       "      <td>0.001519</td>\n",
       "      <td>-0.030726</td>\n",
       "      <td>-0.014942</td>\n",
       "      <td>-0.006152</td>\n",
       "    </tr>\n",
       "    <tr>\n",
       "      <th>2014-09-24</th>\n",
       "      <td>0.014053</td>\n",
       "      <td>-0.008709</td>\n",
       "      <td>0.006885</td>\n",
       "      <td>0.038263</td>\n",
       "      <td>0.022699</td>\n",
       "      <td>0.004213</td>\n",
       "    </tr>\n",
       "    <tr>\n",
       "      <th>2014-09-25</th>\n",
       "      <td>-0.019320</td>\n",
       "      <td>-0.038879</td>\n",
       "      <td>-0.020799</td>\n",
       "      <td>-0.018386</td>\n",
       "      <td>-0.022699</td>\n",
       "      <td>-0.007792</td>\n",
       "    </tr>\n",
       "  </tbody>\n",
       "</table>\n",
       "</div>"
      ],
      "text/plain": [
       "                AMZN      AAPL      TSLA      BABA        JD      SPHD\n",
       "Date                                                                  \n",
       "2014-09-19       NaN       NaN       NaN       NaN       NaN       NaN\n",
       "2014-09-22 -0.020799  0.000990 -0.036482 -0.043537 -0.049902 -0.002901\n",
       "2014-09-23 -0.002685  0.015513  0.001519 -0.030726 -0.014942 -0.006152\n",
       "2014-09-24  0.014053 -0.008709  0.006885  0.038263  0.022699  0.004213\n",
       "2014-09-25 -0.019320 -0.038879 -0.020799 -0.018386 -0.022699 -0.007792"
      ]
     },
     "execution_count": 7,
     "metadata": {},
     "output_type": "execute_result"
    }
   ],
   "source": [
    "returns.head()"
   ]
  },
  {
   "cell_type": "code",
   "execution_count": 8,
   "metadata": {},
   "outputs": [
    {
     "data": {
      "text/html": [
       "<div>\n",
       "<style scoped>\n",
       "    .dataframe tbody tr th:only-of-type {\n",
       "        vertical-align: middle;\n",
       "    }\n",
       "\n",
       "    .dataframe tbody tr th {\n",
       "        vertical-align: top;\n",
       "    }\n",
       "\n",
       "    .dataframe thead th {\n",
       "        text-align: right;\n",
       "    }\n",
       "</style>\n",
       "<table border=\"1\" class=\"dataframe\">\n",
       "  <thead>\n",
       "    <tr style=\"text-align: right;\">\n",
       "      <th></th>\n",
       "      <th>AMZN</th>\n",
       "      <th>AAPL</th>\n",
       "      <th>TSLA</th>\n",
       "      <th>BABA</th>\n",
       "      <th>JD</th>\n",
       "      <th>SPHD</th>\n",
       "    </tr>\n",
       "    <tr>\n",
       "      <th>Date</th>\n",
       "      <th></th>\n",
       "      <th></th>\n",
       "      <th></th>\n",
       "      <th></th>\n",
       "      <th></th>\n",
       "      <th></th>\n",
       "    </tr>\n",
       "  </thead>\n",
       "  <tbody>\n",
       "    <tr>\n",
       "      <th>2020-08-14</th>\n",
       "      <td>-0.004121</td>\n",
       "      <td>-0.000892</td>\n",
       "      <td>0.018162</td>\n",
       "      <td>0.000985</td>\n",
       "      <td>-0.007705</td>\n",
       "      <td>0.003458</td>\n",
       "    </tr>\n",
       "    <tr>\n",
       "      <th>2020-08-17</th>\n",
       "      <td>0.010865</td>\n",
       "      <td>-0.002614</td>\n",
       "      <td>0.106188</td>\n",
       "      <td>0.011704</td>\n",
       "      <td>0.076292</td>\n",
       "      <td>-0.004325</td>\n",
       "    </tr>\n",
       "    <tr>\n",
       "      <th>2020-08-18</th>\n",
       "      <td>0.040061</td>\n",
       "      <td>0.008298</td>\n",
       "      <td>0.027643</td>\n",
       "      <td>0.008680</td>\n",
       "      <td>0.048662</td>\n",
       "      <td>-0.006377</td>\n",
       "    </tr>\n",
       "    <tr>\n",
       "      <th>2020-08-19</th>\n",
       "      <td>-0.015826</td>\n",
       "      <td>0.001254</td>\n",
       "      <td>-0.004546</td>\n",
       "      <td>0.005348</td>\n",
       "      <td>0.031358</td>\n",
       "      <td>-0.003495</td>\n",
       "    </tr>\n",
       "    <tr>\n",
       "      <th>2020-08-20</th>\n",
       "      <td>0.011251</td>\n",
       "      <td>0.021947</td>\n",
       "      <td>0.063572</td>\n",
       "      <td>-0.010105</td>\n",
       "      <td>0.018840</td>\n",
       "      <td>-0.009087</td>\n",
       "    </tr>\n",
       "  </tbody>\n",
       "</table>\n",
       "</div>"
      ],
      "text/plain": [
       "                AMZN      AAPL      TSLA      BABA        JD      SPHD\n",
       "Date                                                                  \n",
       "2020-08-14 -0.004121 -0.000892  0.018162  0.000985 -0.007705  0.003458\n",
       "2020-08-17  0.010865 -0.002614  0.106188  0.011704  0.076292 -0.004325\n",
       "2020-08-18  0.040061  0.008298  0.027643  0.008680  0.048662 -0.006377\n",
       "2020-08-19 -0.015826  0.001254 -0.004546  0.005348  0.031358 -0.003495\n",
       "2020-08-20  0.011251  0.021947  0.063572 -0.010105  0.018840 -0.009087"
      ]
     },
     "execution_count": 8,
     "metadata": {},
     "output_type": "execute_result"
    }
   ],
   "source": [
    "returns.tail()"
   ]
  },
  {
   "cell_type": "code",
   "execution_count": 9,
   "metadata": {},
   "outputs": [
    {
     "data": {
      "text/plain": [
       "array([30.25, 28.44, 52.45, 32.56, 41.42, 18.98])"
      ]
     },
     "execution_count": 9,
     "metadata": {},
     "output_type": "execute_result"
    }
   ],
   "source": [
    "# Create a table for Daily and Annual Risk Returns \n",
    "# Daily mean formula: daily_mean = returns.mean()\n",
    "# Daily stdv formula: daily_mean = returns.std()\n",
    "# Annual mean formula: annual_mean = returns.mean()*250\n",
    "# Annual stdv formula: annual_mean = returns.std()*250 ** .5\n",
    "\n",
    "daily_mean = []\n",
    "daily_stdv = []\n",
    "\n",
    "annual_mean = []\n",
    "annual_stdv = []\n",
    "\n",
    "for t in tickers:\n",
    "    daily_mean.append(round(returns[t].mean()*100, 2))\n",
    "    daily_stdv.append(round(returns[t].std()*100, 2))\n",
    "    \n",
    "    annual_mean.append(round((returns[t].mean()*250)*100, 2))\n",
    "    annual_stdv.append(round((returns[t].std()*250**.5)*100, 2))\n",
    "\n",
    "daily_mean = np.array(daily_mean)\n",
    "daily_stdv = np.array(daily_stdv)\n",
    "annual_mean = np.array(annual_mean)\n",
    "annual_stdv = np.array(annual_stdv)\n",
    "annual_stdv"
   ]
  },
  {
   "cell_type": "code",
   "execution_count": 10,
   "metadata": {},
   "outputs": [
    {
     "data": {
      "text/html": [
       "<div>\n",
       "<style scoped>\n",
       "    .dataframe tbody tr th:only-of-type {\n",
       "        vertical-align: middle;\n",
       "    }\n",
       "\n",
       "    .dataframe tbody tr th {\n",
       "        vertical-align: top;\n",
       "    }\n",
       "\n",
       "    .dataframe thead th {\n",
       "        text-align: right;\n",
       "    }\n",
       "</style>\n",
       "<table border=\"1\" class=\"dataframe\">\n",
       "  <thead>\n",
       "    <tr style=\"text-align: right;\">\n",
       "      <th></th>\n",
       "      <th>Symbol</th>\n",
       "      <th>Daily Average Return (%)</th>\n",
       "      <th>Daily Risk (%)</th>\n",
       "      <th>Annual Average Return (%)</th>\n",
       "      <th>Annual Risk (%)</th>\n",
       "    </tr>\n",
       "  </thead>\n",
       "  <tbody>\n",
       "    <tr>\n",
       "      <th>0</th>\n",
       "      <td>AMZN</td>\n",
       "      <td>0.15</td>\n",
       "      <td>1.91</td>\n",
       "      <td>38.55</td>\n",
       "      <td>30.25</td>\n",
       "    </tr>\n",
       "    <tr>\n",
       "      <th>1</th>\n",
       "      <td>AAPL</td>\n",
       "      <td>0.11</td>\n",
       "      <td>1.80</td>\n",
       "      <td>27.52</td>\n",
       "      <td>28.44</td>\n",
       "    </tr>\n",
       "    <tr>\n",
       "      <th>2</th>\n",
       "      <td>TSLA</td>\n",
       "      <td>0.14</td>\n",
       "      <td>3.32</td>\n",
       "      <td>34.29</td>\n",
       "      <td>52.45</td>\n",
       "    </tr>\n",
       "    <tr>\n",
       "      <th>3</th>\n",
       "      <td>BABA</td>\n",
       "      <td>0.07</td>\n",
       "      <td>2.06</td>\n",
       "      <td>16.96</td>\n",
       "      <td>32.56</td>\n",
       "    </tr>\n",
       "    <tr>\n",
       "      <th>4</th>\n",
       "      <td>JD</td>\n",
       "      <td>0.06</td>\n",
       "      <td>2.62</td>\n",
       "      <td>16.08</td>\n",
       "      <td>41.42</td>\n",
       "    </tr>\n",
       "    <tr>\n",
       "      <th>5</th>\n",
       "      <td>SPHD</td>\n",
       "      <td>0.02</td>\n",
       "      <td>1.20</td>\n",
       "      <td>5.41</td>\n",
       "      <td>18.98</td>\n",
       "    </tr>\n",
       "  </tbody>\n",
       "</table>\n",
       "</div>"
      ],
      "text/plain": [
       "  Symbol  Daily Average Return (%)  Daily Risk (%)  Annual Average Return (%)  \\\n",
       "0   AMZN                      0.15            1.91                      38.55   \n",
       "1   AAPL                      0.11            1.80                      27.52   \n",
       "2   TSLA                      0.14            3.32                      34.29   \n",
       "3   BABA                      0.07            2.06                      16.96   \n",
       "4     JD                      0.06            2.62                      16.08   \n",
       "5   SPHD                      0.02            1.20                       5.41   \n",
       "\n",
       "   Annual Risk (%)  \n",
       "0            30.25  \n",
       "1            28.44  \n",
       "2            52.45  \n",
       "3            32.56  \n",
       "4            41.42  \n",
       "5            18.98  "
      ]
     },
     "execution_count": 10,
     "metadata": {},
     "output_type": "execute_result"
    }
   ],
   "source": [
    "# Create DataFrame for returns and risk \n",
    "returns_data = pd.DataFrame({'Symbol':tickers, \n",
    "                             'Daily Average Return (%)':daily_mean,\n",
    "                             'Daily Risk (%)':daily_stdv,\n",
    "                             'Annual Average Return (%)':annual_mean,\n",
    "                             'Annual Risk (%)':annual_stdv\n",
    "                            })\n",
    "returns_data"
   ]
  },
  {
   "cell_type": "code",
   "execution_count": 11,
   "metadata": {},
   "outputs": [
    {
     "data": {
      "text/plain": [
       "AMZN   2014-10-24\n",
       "AAPL   2020-03-16\n",
       "TSLA   2020-03-16\n",
       "BABA   2015-01-29\n",
       "JD     2020-03-16\n",
       "SPHD   2020-03-16\n",
       "dtype: datetime64[ns]"
      ]
     },
     "execution_count": 11,
     "metadata": {},
     "output_type": "execute_result"
    }
   ],
   "source": [
    "# Returns the lowest return in history between 09-30-2014 to now\n",
    "returns.idxmin() "
   ]
  },
  {
   "cell_type": "code",
   "execution_count": 12,
   "metadata": {},
   "outputs": [
    {
     "data": {
      "text/plain": [
       "AMZN   2015-04-24\n",
       "AAPL   2020-03-13\n",
       "TSLA   2020-02-03\n",
       "BABA   2017-06-08\n",
       "JD     2019-08-13\n",
       "SPHD   2020-03-24\n",
       "dtype: datetime64[ns]"
      ]
     },
     "execution_count": 12,
     "metadata": {},
     "output_type": "execute_result"
    }
   ],
   "source": [
    "# Returns the highest return in history between 09-30-2014 to now\n",
    "returns.idxmax()"
   ]
  },
  {
   "cell_type": "code",
   "execution_count": 13,
   "metadata": {},
   "outputs": [
    {
     "data": {
      "text/html": [
       "<div>\n",
       "<style scoped>\n",
       "    .dataframe tbody tr th:only-of-type {\n",
       "        vertical-align: middle;\n",
       "    }\n",
       "\n",
       "    .dataframe tbody tr th {\n",
       "        vertical-align: top;\n",
       "    }\n",
       "\n",
       "    .dataframe thead th {\n",
       "        text-align: right;\n",
       "    }\n",
       "</style>\n",
       "<table border=\"1\" class=\"dataframe\">\n",
       "  <thead>\n",
       "    <tr style=\"text-align: right;\">\n",
       "      <th></th>\n",
       "      <th>AMZN</th>\n",
       "      <th>AAPL</th>\n",
       "      <th>TSLA</th>\n",
       "      <th>BABA</th>\n",
       "      <th>JD</th>\n",
       "      <th>SPHD</th>\n",
       "    </tr>\n",
       "  </thead>\n",
       "  <tbody>\n",
       "    <tr>\n",
       "      <th>AMZN</th>\n",
       "      <td>0.000366</td>\n",
       "      <td>0.000184</td>\n",
       "      <td>0.000230</td>\n",
       "      <td>0.000189</td>\n",
       "      <td>0.000225</td>\n",
       "      <td>0.000079</td>\n",
       "    </tr>\n",
       "    <tr>\n",
       "      <th>AAPL</th>\n",
       "      <td>0.000184</td>\n",
       "      <td>0.000324</td>\n",
       "      <td>0.000223</td>\n",
       "      <td>0.000173</td>\n",
       "      <td>0.000212</td>\n",
       "      <td>0.000121</td>\n",
       "    </tr>\n",
       "    <tr>\n",
       "      <th>TSLA</th>\n",
       "      <td>0.000230</td>\n",
       "      <td>0.000223</td>\n",
       "      <td>0.001100</td>\n",
       "      <td>0.000222</td>\n",
       "      <td>0.000297</td>\n",
       "      <td>0.000136</td>\n",
       "    </tr>\n",
       "    <tr>\n",
       "      <th>BABA</th>\n",
       "      <td>0.000189</td>\n",
       "      <td>0.000173</td>\n",
       "      <td>0.000222</td>\n",
       "      <td>0.000424</td>\n",
       "      <td>0.000337</td>\n",
       "      <td>0.000086</td>\n",
       "    </tr>\n",
       "    <tr>\n",
       "      <th>JD</th>\n",
       "      <td>0.000225</td>\n",
       "      <td>0.000212</td>\n",
       "      <td>0.000297</td>\n",
       "      <td>0.000337</td>\n",
       "      <td>0.000686</td>\n",
       "      <td>0.000104</td>\n",
       "    </tr>\n",
       "    <tr>\n",
       "      <th>SPHD</th>\n",
       "      <td>0.000079</td>\n",
       "      <td>0.000121</td>\n",
       "      <td>0.000136</td>\n",
       "      <td>0.000086</td>\n",
       "      <td>0.000104</td>\n",
       "      <td>0.000144</td>\n",
       "    </tr>\n",
       "  </tbody>\n",
       "</table>\n",
       "</div>"
      ],
      "text/plain": [
       "          AMZN      AAPL      TSLA      BABA        JD      SPHD\n",
       "AMZN  0.000366  0.000184  0.000230  0.000189  0.000225  0.000079\n",
       "AAPL  0.000184  0.000324  0.000223  0.000173  0.000212  0.000121\n",
       "TSLA  0.000230  0.000223  0.001100  0.000222  0.000297  0.000136\n",
       "BABA  0.000189  0.000173  0.000222  0.000424  0.000337  0.000086\n",
       "JD    0.000225  0.000212  0.000297  0.000337  0.000686  0.000104\n",
       "SPHD  0.000079  0.000121  0.000136  0.000086  0.000104  0.000144"
      ]
     },
     "execution_count": 13,
     "metadata": {},
     "output_type": "execute_result"
    }
   ],
   "source": [
    "# Covariance daily\n",
    "# Determines if there is a relationship between two stocks, whether they move together:\n",
    "# positively, negatively, or neutral \n",
    "return_cov = returns.cov()\n",
    "return_cov"
   ]
  },
  {
   "cell_type": "code",
   "execution_count": 14,
   "metadata": {},
   "outputs": [
    {
     "data": {
      "text/html": [
       "<div>\n",
       "<style scoped>\n",
       "    .dataframe tbody tr th:only-of-type {\n",
       "        vertical-align: middle;\n",
       "    }\n",
       "\n",
       "    .dataframe tbody tr th {\n",
       "        vertical-align: top;\n",
       "    }\n",
       "\n",
       "    .dataframe thead th {\n",
       "        text-align: right;\n",
       "    }\n",
       "</style>\n",
       "<table border=\"1\" class=\"dataframe\">\n",
       "  <thead>\n",
       "    <tr style=\"text-align: right;\">\n",
       "      <th></th>\n",
       "      <th>AMZN</th>\n",
       "      <th>AAPL</th>\n",
       "      <th>TSLA</th>\n",
       "      <th>BABA</th>\n",
       "      <th>JD</th>\n",
       "      <th>SPHD</th>\n",
       "    </tr>\n",
       "  </thead>\n",
       "  <tbody>\n",
       "    <tr>\n",
       "      <th>AMZN</th>\n",
       "      <td>0.091477</td>\n",
       "      <td>0.045955</td>\n",
       "      <td>0.057588</td>\n",
       "      <td>0.047217</td>\n",
       "      <td>0.056154</td>\n",
       "      <td>0.019787</td>\n",
       "    </tr>\n",
       "    <tr>\n",
       "      <th>AAPL</th>\n",
       "      <td>0.045955</td>\n",
       "      <td>0.080876</td>\n",
       "      <td>0.055650</td>\n",
       "      <td>0.043128</td>\n",
       "      <td>0.052976</td>\n",
       "      <td>0.030127</td>\n",
       "    </tr>\n",
       "    <tr>\n",
       "      <th>TSLA</th>\n",
       "      <td>0.057588</td>\n",
       "      <td>0.055650</td>\n",
       "      <td>0.275107</td>\n",
       "      <td>0.055573</td>\n",
       "      <td>0.074298</td>\n",
       "      <td>0.034008</td>\n",
       "    </tr>\n",
       "    <tr>\n",
       "      <th>BABA</th>\n",
       "      <td>0.047217</td>\n",
       "      <td>0.043128</td>\n",
       "      <td>0.055573</td>\n",
       "      <td>0.106015</td>\n",
       "      <td>0.084311</td>\n",
       "      <td>0.021616</td>\n",
       "    </tr>\n",
       "    <tr>\n",
       "      <th>JD</th>\n",
       "      <td>0.056154</td>\n",
       "      <td>0.052976</td>\n",
       "      <td>0.074298</td>\n",
       "      <td>0.084311</td>\n",
       "      <td>0.171525</td>\n",
       "      <td>0.025991</td>\n",
       "    </tr>\n",
       "    <tr>\n",
       "      <th>SPHD</th>\n",
       "      <td>0.019787</td>\n",
       "      <td>0.030127</td>\n",
       "      <td>0.034008</td>\n",
       "      <td>0.021616</td>\n",
       "      <td>0.025991</td>\n",
       "      <td>0.036015</td>\n",
       "    </tr>\n",
       "  </tbody>\n",
       "</table>\n",
       "</div>"
      ],
      "text/plain": [
       "          AMZN      AAPL      TSLA      BABA        JD      SPHD\n",
       "AMZN  0.091477  0.045955  0.057588  0.047217  0.056154  0.019787\n",
       "AAPL  0.045955  0.080876  0.055650  0.043128  0.052976  0.030127\n",
       "TSLA  0.057588  0.055650  0.275107  0.055573  0.074298  0.034008\n",
       "BABA  0.047217  0.043128  0.055573  0.106015  0.084311  0.021616\n",
       "JD    0.056154  0.052976  0.074298  0.084311  0.171525  0.025991\n",
       "SPHD  0.019787  0.030127  0.034008  0.021616  0.025991  0.036015"
      ]
     },
     "execution_count": 14,
     "metadata": {},
     "output_type": "execute_result"
    }
   ],
   "source": [
    "# Covariance yearly\n",
    "# Determines if there is a relationship between two stocks, whether they move together:\n",
    "# positively, negatively, or neutral \n",
    "return_cov = returns.cov()*250\n",
    "return_cov"
   ]
  },
  {
   "cell_type": "code",
   "execution_count": 15,
   "metadata": {},
   "outputs": [
    {
     "data": {
      "text/html": [
       "<div>\n",
       "<style scoped>\n",
       "    .dataframe tbody tr th:only-of-type {\n",
       "        vertical-align: middle;\n",
       "    }\n",
       "\n",
       "    .dataframe tbody tr th {\n",
       "        vertical-align: top;\n",
       "    }\n",
       "\n",
       "    .dataframe thead th {\n",
       "        text-align: right;\n",
       "    }\n",
       "</style>\n",
       "<table border=\"1\" class=\"dataframe\">\n",
       "  <thead>\n",
       "    <tr style=\"text-align: right;\">\n",
       "      <th></th>\n",
       "      <th>AMZN</th>\n",
       "      <th>AAPL</th>\n",
       "      <th>TSLA</th>\n",
       "      <th>BABA</th>\n",
       "      <th>JD</th>\n",
       "      <th>SPHD</th>\n",
       "    </tr>\n",
       "  </thead>\n",
       "  <tbody>\n",
       "    <tr>\n",
       "      <th>AMZN</th>\n",
       "      <td>1.000000</td>\n",
       "      <td>0.534274</td>\n",
       "      <td>0.363015</td>\n",
       "      <td>0.479467</td>\n",
       "      <td>0.448294</td>\n",
       "      <td>0.344733</td>\n",
       "    </tr>\n",
       "    <tr>\n",
       "      <th>AAPL</th>\n",
       "      <td>0.534274</td>\n",
       "      <td>1.000000</td>\n",
       "      <td>0.373082</td>\n",
       "      <td>0.465764</td>\n",
       "      <td>0.449787</td>\n",
       "      <td>0.558222</td>\n",
       "    </tr>\n",
       "    <tr>\n",
       "      <th>TSLA</th>\n",
       "      <td>0.363015</td>\n",
       "      <td>0.373082</td>\n",
       "      <td>1.000000</td>\n",
       "      <td>0.325408</td>\n",
       "      <td>0.342028</td>\n",
       "      <td>0.341657</td>\n",
       "    </tr>\n",
       "    <tr>\n",
       "      <th>BABA</th>\n",
       "      <td>0.479467</td>\n",
       "      <td>0.465764</td>\n",
       "      <td>0.325408</td>\n",
       "      <td>1.000000</td>\n",
       "      <td>0.625230</td>\n",
       "      <td>0.349818</td>\n",
       "    </tr>\n",
       "    <tr>\n",
       "      <th>JD</th>\n",
       "      <td>0.448294</td>\n",
       "      <td>0.449787</td>\n",
       "      <td>0.342028</td>\n",
       "      <td>0.625230</td>\n",
       "      <td>1.000000</td>\n",
       "      <td>0.330693</td>\n",
       "    </tr>\n",
       "    <tr>\n",
       "      <th>SPHD</th>\n",
       "      <td>0.344733</td>\n",
       "      <td>0.558222</td>\n",
       "      <td>0.341657</td>\n",
       "      <td>0.349818</td>\n",
       "      <td>0.330693</td>\n",
       "      <td>1.000000</td>\n",
       "    </tr>\n",
       "  </tbody>\n",
       "</table>\n",
       "</div>"
      ],
      "text/plain": [
       "          AMZN      AAPL      TSLA      BABA        JD      SPHD\n",
       "AMZN  1.000000  0.534274  0.363015  0.479467  0.448294  0.344733\n",
       "AAPL  0.534274  1.000000  0.373082  0.465764  0.449787  0.558222\n",
       "TSLA  0.363015  0.373082  1.000000  0.325408  0.342028  0.341657\n",
       "BABA  0.479467  0.465764  0.325408  1.000000  0.625230  0.349818\n",
       "JD    0.448294  0.449787  0.342028  0.625230  1.000000  0.330693\n",
       "SPHD  0.344733  0.558222  0.341657  0.349818  0.330693  1.000000"
      ]
     },
     "execution_count": 15,
     "metadata": {},
     "output_type": "execute_result"
    }
   ],
   "source": [
    "# Correlations\n",
    "# Determines how close the relationship are between two stocks\n",
    "return_corr = returns.corr()\n",
    "return_corr"
   ]
  },
  {
   "cell_type": "code",
   "execution_count": 16,
   "metadata": {},
   "outputs": [],
   "source": [
    "no_assets = len(tickers)"
   ]
  },
  {
   "cell_type": "code",
   "execution_count": 17,
   "metadata": {},
   "outputs": [
    {
     "name": "stdout",
     "output_type": "stream",
     "text": [
      "0.9999999999999999\n"
     ]
    }
   ],
   "source": [
    "pflio_ret = []\n",
    "pflio_vol = [] \n",
    "pflio_wei = []\n",
    "\n",
    "for x in range(10000):\n",
    "    weights = np.random.random(no_assets)\n",
    "    weights /= np.sum(weights)\n",
    "    \n",
    "    pflio_wei.append(weights)\n",
    "    pflio_ret.append(np.sum(weights*returns.mean())*250)\n",
    "    pflio_vol.append(np.sqrt(np.dot(weights.T, np.dot(returns.cov()*250, weights))))\n",
    "    #print(x, weights)\n",
    "\n",
    "pflio_wei = np.array(pflio_wei)\n",
    "pflio_ret = np.array(pflio_ret)\n",
    "pflio_vol = np.array(pflio_vol)\n",
    "\n",
    "print(np.sum(weights))\n",
    "#pflio_returns, pflio_volatilities"
   ]
  },
  {
   "cell_type": "code",
   "execution_count": 18,
   "metadata": {},
   "outputs": [],
   "source": [
    "pflio_scenarios = pd.DataFrame({'Return': pflio_ret, 'Volatility': pflio_vol})\n",
    "#pflio_scenarios = pflio_scenarios.sort_values('Return', ascending=True)\n",
    "pflio_scenarios.to_csv(\"ret_vol_index.csv\")"
   ]
  },
  {
   "cell_type": "code",
   "execution_count": 19,
   "metadata": {},
   "outputs": [
    {
     "data": {
      "text/html": [
       "<div>\n",
       "<style scoped>\n",
       "    .dataframe tbody tr th:only-of-type {\n",
       "        vertical-align: middle;\n",
       "    }\n",
       "\n",
       "    .dataframe tbody tr th {\n",
       "        vertical-align: top;\n",
       "    }\n",
       "\n",
       "    .dataframe thead th {\n",
       "        text-align: right;\n",
       "    }\n",
       "</style>\n",
       "<table border=\"1\" class=\"dataframe\">\n",
       "  <thead>\n",
       "    <tr style=\"text-align: right;\">\n",
       "      <th></th>\n",
       "      <th>Return</th>\n",
       "      <th>Volatility</th>\n",
       "    </tr>\n",
       "  </thead>\n",
       "  <tbody>\n",
       "    <tr>\n",
       "      <th>0</th>\n",
       "      <td>0.141552</td>\n",
       "      <td>0.197760</td>\n",
       "    </tr>\n",
       "    <tr>\n",
       "      <th>1</th>\n",
       "      <td>0.223181</td>\n",
       "      <td>0.204938</td>\n",
       "    </tr>\n",
       "    <tr>\n",
       "      <th>2</th>\n",
       "      <td>0.255984</td>\n",
       "      <td>0.251565</td>\n",
       "    </tr>\n",
       "    <tr>\n",
       "      <th>3</th>\n",
       "      <td>0.256986</td>\n",
       "      <td>0.271367</td>\n",
       "    </tr>\n",
       "    <tr>\n",
       "      <th>4</th>\n",
       "      <td>0.244824</td>\n",
       "      <td>0.308380</td>\n",
       "    </tr>\n",
       "  </tbody>\n",
       "</table>\n",
       "</div>"
      ],
      "text/plain": [
       "     Return  Volatility\n",
       "0  0.141552    0.197760\n",
       "1  0.223181    0.204938\n",
       "2  0.255984    0.251565\n",
       "3  0.256986    0.271367\n",
       "4  0.244824    0.308380"
      ]
     },
     "execution_count": 19,
     "metadata": {},
     "output_type": "execute_result"
    }
   ],
   "source": [
    "pflio_scenarios.head()\n",
    "#pflio_scenarios['Return']"
   ]
  },
  {
   "cell_type": "code",
   "execution_count": 20,
   "metadata": {},
   "outputs": [
    {
     "data": {
      "text/html": [
       "<div>\n",
       "<style scoped>\n",
       "    .dataframe tbody tr th:only-of-type {\n",
       "        vertical-align: middle;\n",
       "    }\n",
       "\n",
       "    .dataframe tbody tr th {\n",
       "        vertical-align: top;\n",
       "    }\n",
       "\n",
       "    .dataframe thead th {\n",
       "        text-align: right;\n",
       "    }\n",
       "</style>\n",
       "<table border=\"1\" class=\"dataframe\">\n",
       "  <thead>\n",
       "    <tr style=\"text-align: right;\">\n",
       "      <th></th>\n",
       "      <th>Return</th>\n",
       "      <th>Volatility</th>\n",
       "    </tr>\n",
       "  </thead>\n",
       "  <tbody>\n",
       "    <tr>\n",
       "      <th>49995</th>\n",
       "      <td>0.176439</td>\n",
       "      <td>0.240227</td>\n",
       "    </tr>\n",
       "    <tr>\n",
       "      <th>49996</th>\n",
       "      <td>0.240563</td>\n",
       "      <td>0.245273</td>\n",
       "    </tr>\n",
       "    <tr>\n",
       "      <th>49997</th>\n",
       "      <td>0.199098</td>\n",
       "      <td>0.263325</td>\n",
       "    </tr>\n",
       "    <tr>\n",
       "      <th>49998</th>\n",
       "      <td>0.276780</td>\n",
       "      <td>0.253501</td>\n",
       "    </tr>\n",
       "    <tr>\n",
       "      <th>49999</th>\n",
       "      <td>0.211261</td>\n",
       "      <td>0.214135</td>\n",
       "    </tr>\n",
       "  </tbody>\n",
       "</table>\n",
       "</div>"
      ],
      "text/plain": [
       "         Return  Volatility\n",
       "49995  0.176439    0.240227\n",
       "49996  0.240563    0.245273\n",
       "49997  0.199098    0.263325\n",
       "49998  0.276780    0.253501\n",
       "49999  0.211261    0.214135"
      ]
     },
     "execution_count": 20,
     "metadata": {},
     "output_type": "execute_result"
    }
   ],
   "source": [
    "pflio_scenarios.tail()"
   ]
  },
  {
   "cell_type": "code",
   "execution_count": 37,
